250 254 254 246 202 171 196 217 248 246 250 250 254 250 253 249 251 223 148 158 162 160 163 161 162 161 159 159 160 161 162 162 162 163 160 155 160 166 232 252 251 251 255 248 165 155 168 161 163 160 162 163 161 163 164 162 161 162 161 161 162 163 159 154 218 231 226 209 146 167 150 168 157 155 226 249 255 247 255 253 255 244 248 248 251 255
255 251 253 212 161 149 151 155 186 246 255 254 248 255 251 255 250 210 149 159 164 161 164 161 162 161 159 159 160 161 162 162 162 161 161 164 160 156 196 252 254 250 251 230 154 158 164 158 163 160 162 162 160 161 162 160 161 161 161 161 162 163 160 155 185 231 232 217 147 165 159 163 158 153 182 241 250 250 252 253 246 255 254 252 251 255
253 251 231 177 150 160 156 151 149 182 247 247 248 252 255 249 252 195 153 160 164 160 163 162 162 161 160 159 160 161 162 162 162 161 161 167 159 153 159 232 255 250 247 196 151 159 165 157 163 160 162 162 160 162 164 162 160 161 162 161 162 162 160 157 152 208 245 217 150 163 164 159 162 159 154 221 249 255 238 207 207 252 252 253 251 254
254 249 191 153 159 165 167 165 160 144 188 248 250 253 255 248 246 179 157 160 163 158 162 163 162 161 160 160 161 161 162 162 161 163 160 161 159 161 148 191 246 254 235 163 159 158 168 159 162 160 162 163 162 165 169 169 160 161 162 162 162 161 161 160 144 169 246 210 152 162 162 159 161 156 150 184 230 212 194 148 164 237 247 254 252 255
254 216 160 150 161 158 161 161 163 159 141 203 253 249 248 249 220 163 158 159 162 158 160 163 162 161 160 160 161 162 162 161 160 163 159 157 161 164 155 158 225 254 208 150 163 160 164 162 161 160 162 163 163 167 173 174 161 161 161 162 162 161 161 161 156 147 219 208 153 160 161 161 164 153 160 161 197 158 158 147 149 226 250 255 253 253
231 168 156 165 162 164 162 161 156 163 156 150 220 252 246 244 183 151 159 158 163 162 159 163 162 161 160 161 161 162 162 161 159 162 160 159 164 158 162 150 196 236 177 154 159 164 156 162 162 160 161 162 161 166 173 175 163 161 160 161 162 161 161 161 166 151 180 203 155 158 162 162 162 160 167 156 175 157 159 167 152 210 252 255 252 251
190 155 160 167 160 163 160 158 161 160 169 154 167 244 237 219 156 152 162 157 162 163 158 163 161 161 161 161 162 162 162 161 159 164 162 159 163 156 161 157 169 197 159 160 157 166 155 162 163 160 161 160 159 164 173 176 165 161 159 161 163 162 161 161 164 159 164 180 160 160 159 162 155 164 159 155 164 169 162 163 155 185 248 253 251 251
153 168 158 157 161 157 162 163 165 157 156 158 154 186 225 172 148 160 167 156 159 163 157 164 161 161 161 161 162 162 162 161 159 168 164 155 160 161 159 162 154 162 155 160 161 164 161 162 163 160 160 160 159 165 174 178 166 161 159 161 163 162 161 161 158 158 171 153 166 164 152 161 160 165 153 163 165 161 155 162 157 168 246 254 253 253
161 161 161 161 161 160 160 160 159 160 160 160 159 158 156 155 160 161 162 161 160 160 161 162 161 161 161 161 161 161 161 161 175 173 167 161 161 160 159 162 160 160 160 160 161 161 162 162 161 157 161 162 159 166 177 178 174 162 160 163 161 161 164 160 162 168 181 171 159 161 159 160 159 160 162 162 160 160 161 162 160 156 234 255 253 252
161 161 161 161 161 160 160 160 160 160 161 161 160 159 158 157 161 161 162 161 160 160 161 162 161 161 161 161 161 161 161 161 174 177 171 162 160 161 161 161 161 161 161 161 161 161 161 162 161 159 161 161 159 167 178 178 176 163 160 162 160 161 163 161 160 167 181 172 160 161 159 161 159 160 161 161 161 161 161 161 161 153 214 251 253 253
161 161 161 161 161 161 161 161 160 161 161 161 161 161 160 159 161 162 162 162 161 161 161 162 161 161 161 161 161 161 161 161 173 181 177 165 161 163 162 161 162 162 161 161 161 161 161 161 161 160 161 159 160 170 179 178 177 166 160 160 160 161 163 162 158 167 180 173 161 160 160 161 160 160 160 161 162 162 161 160 161 152 190 249 254 253
161 161 161 161 161 161 161 161 161 161 161 162 162 161 161 161 161 162 162 162 162 161 161 162 161 161 161 161 161 161 161 161 174 182 180 170 165 162 161 161 161 161 161 162 162 161 161 161 161 162 161 159 162 173 180 179 179 169 161 159 159 161 162 162 157 167 180 175 162 159 160 161 160 160 160 161 162 162 160 159 159 152 171 245 255 251
161 161 161 161 161 161 161 161 160 161 161 161 161 161 161 161 161 161 161 162 162 162 161 161 161 161 161 161 161 161 161 161 176 180 180 176 170 162 159 163 160 161 161 162 162 162 162 162 160 163 161 159 166 176 180 180 180 172 162 158 160 161 161 162 158 169 179 177 164 158 162 161 161 160 160 161 162 162 160 159 165 155 153 226 247 239
161 161 161 161 161 161 161 161 161 161 161 161 161 161 162 162 161 161 161 161 162 162 161 160 162 162 161 161 161 161 160 160 178 179 179 179 176 166 159 163 160 160 161 162 162 162 162 162 160 162 160 162 172 179 179 181 180 175 164 158 161 162 160 161 162 173 179 179 167 159 163 160 161 161 160 161 161 161 160 160 166 155 145 206 244 239
161 161 161 161 161 162 162 162 162 161 161 161 161 161 162 162 160 160 160 161 162 162 160 159 162 162 161 161 161 161 160 160 178 180 179 180 179 172 163 161 160 161 162 162 163 162 162 161 160 161 159 164 177 180 178 181 180 176 165 159 163 163 159 160 166 176 179 180 169 159 164 159 161 161 161 160 160 160 160 161 158 155 151 189 231 219
161 161 161 161 161 162 162 162 162 162 162 162 162 162 162 162 160 160 160 161 162 162 160 158 162 162 161 161 161 161 160 160 177 182 181 179 181 177 167 159 161 162 162 163 163 162 161 160 160 160 158 166 180 181 177 182 179 177 166 159 164 163 158 160 169 178 179 181 170 160 165 159 161 162 162 160 159 159 160 162 160 165 162 168 189 155
162 162 162 162 162 162 162 162 159 160 160 159 160 161 162 163 162 157 158 168 175 172 163 158 163 162 163 160 161 162 158 165 180 179 179 180 180 179 175 171 159 158 159 162 163 161 159 159 159 160 167 178 183 181 179 181 177 177 169 160 159 160 161 164 179 181 180 179 175 164 159 163 162 162 162 161 161 161 161 161 163 162 153 169 190 149
162 162 162 162 162 162 162 162 160 160 160 160 160 161 161 161 159 163 168 175 179 177 169 161 161 160 163 162 163 161 158 167 179 179 179 180 181 179 176 174 162 162 163 163 161 159 160 163 157 163 171 177 181 181 180 179 178 177 170 162 159 159 163 171 179 181 180 179 176 166 159 162 162 162 161 161 161 161 161 161 163 161 155 165 191 166
162 162 162 162 162 162 162 162 161 161 160 161 161 161 160 159 161 170 178 179 180 180 175 169 160 158 161 163 164 160 157 169 179 178 178 180 181 180 179 177 170 167 164 162 161 160 161 163 159 169 177 178 179 182 181 178 179 178 170 162 159 159 167 178 179 180 180 180 177 168 160 161 162 162 161 161 161 161 161 161 164 161 158 157 184 181
162 162 162 162 162 162 162 162 162 161 161 162 162 160 159 159 169 175 180 179 178 179 178 177 166 159 160 162 163 160 158 172 179 179 179 180 181 181 180 179 179 171 163 160 161 161 161 160 166 174 181 180 179 181 181 180 179 179 171 160 159 164 172 181 179 180 180 180 179 170 162 161 162 162 161 161 161 161 161 162 160 160 162 154 180 195
162 162 162 162 162 162 162 162 162 161 161 162 162 160 160 161 177 176 178 180 180 178 178 180 175 164 160 160 162 160 159 173 180 180 180 180 181 181 180 180 180 174 167 162 160 159 160 162 174 177 180 181 180 179 180 182 178 181 171 159 161 172 177 179 180 181 179 180 180 173 163 160 162 161 161 161 161 161 162 162 160 161 165 151 166 182
162 162 162 162 162 162 162 162 162 161 161 163 161 159 162 167 181 177 178 183 184 180 178 179 181 171 165 161 161 160 161 174 180 180 180 180 180 180 180 180 177 177 176 170 161 157 163 171 178 177 178 180 181 180 180 181 179 181 172 162 168 178 180 177 180 181 179 179 181 175 165 160 161 161 161 161 161 161 162 162 162 163 165 153 156 164
161 161 161 161 161 161 161 161 161 160 162 163 160 159 164 173 179 178 179 182 183 182 180 178 182 177 173 165 162 161 161 174 179 179 180 181 181 180 180 180 177 179 180 176 168 164 169 177 179 179 178 179 183 186 185 180 182 179 172 170 176 180 178 178 181 181 178 179 182 177 166 161 161 161 161 161 161 161 162 162 159 160 163 162 163 165
161 161 161 161 161 161 161 161 160 160 162 163 160 159 166 176 178 180 180 178 179 183 182 178 180 180 179 169 163 161 162 174 178 179 180 181 181 180 180 180 181 180 179 178 176 175 176 178 178 181 181 179 185 193 190 179 184 178 173 177 182 179 176 181 182 182 178 178 182 178 167 161 161 161 161 161 161 162 162 162 164 161 161 166 163 158
162 173 168 159 162 164 160 163 162 160 161 162 161 161 169 178 180 180 180 181 183 183 181 179 176 180 181 177 169 161 164 176 179 181 184 179 176 184 186 172 178 179 181 181 181 180 180 181 180 180 181 180 182 195 197 181 179 180 181 181 180 181 181 181 180 180 178 178 182 181 175 172 159 161 161 161 160 161 160 158 162 163 162 161 160 160
167 176 171 161 161 162 160 162 161 161 161 161 161 164 171 178 180 180 180 180 182 182 181 180 178 180 180 178 174 167 167 175 177 179 181 178 178 190 196 186 179 179 179 180 181 181 179 178 179 180 182 179 181 194 198 185 179 180 181 181 181 180 181 181 179 179 182 186 185 180 177 175 162 162 161 161 161 162 163 164 161 161 161 160 160 161
174 178 175 166 160 160 161 161 161 162 161 159 160 167 175 179 180 179 179 180 180 181 181 182 184 183 179 179 180 175 172 175 178 179 179 177 180 195 203 198 186 183 179 178 180 181 180 179 178 181 182 177 178 191 197 190 178 179 181 182 181 180 180 181 178 177 188 195 187 180 179 178 168 164 160 161 161 162 167 172 161 160 159 160 161 161
179 179 178 170 160 159 161 160 161 162 160 157 161 172 179 180 180 179 179 179 179 179 182 185 193 188 180 178 182 180 177 178 180 180 179 177 183 195 202 199 197 192 184 179 178 179 181 182 183 186 184 176 178 192 199 194 178 179 181 182 181 179 179 181 179 176 190 200 189 179 181 179 175 166 160 160 161 162 169 178 162 160 159 160 161 161
180 179 179 173 164 160 161 160 161 162 160 157 164 176 181 180 180 179 179 179 178 179 184 190 201 193 182 177 180 181 178 180 179 180 179 179 187 196 199 198 203 199 192 185 180 178 180 181 189 193 187 178 182 196 201 197 181 180 180 181 181 179 179 180 181 177 190 200 189 180 181 179 179 169 161 160 160 162 171 181 166 161 158 160 161 160
179 179 178 175 170 164 160 161 161 161 159 159 167 179 182 180 180 179 180 180 178 179 186 195 202 197 187 180 180 178 177 180 176 180 179 182 193 200 200 200 201 200 198 193 187 182 180 179 188 194 189 180 186 197 199 196 185 181 179 180 181 179 179 180 182 182 192 199 190 181 180 178 180 172 163 160 160 164 172 180 170 163 159 160 162 160
177 181 179 177 177 168 160 162 162 160 158 161 171 180 182 179 180 180 180 181 179 180 189 200 199 201 196 189 184 179 176 179 177 180 179 183 196 202 200 202 199 199 200 199 196 190 185 181 180 193 191 184 191 199 198 196 190 183 177 179 180 180 179 180 182 188 196 199 191 182 179 179 179 173 166 161 161 166 174 179 173 165 159 160 162 161
177 182 179 179 182 171 159 162 163 159 158 163 174 181 182 179 181 180 181 181 179 180 190 202 196 203 204 198 190 181 177 179 179 182 179 183 196 201 199 202 200 199 199 201 200 197 191 186 176 193 196 191 196 202 200 199 193 184 176 178 180 180 179 180 181 193 201 200 193 183 178 180 178 174 167 161 162 168 175 179 175 166 159 160 163 162
180 178 179 181 182 178 170 163 162 159 160 168 178 181 181 179 182 179 181 179 177 188 201 201 201 200 199 201 201 197 188 181 177 177 179 187 197 203 203 202 201 201 201 201 201 200 199 199 185 184 189 199 203 199 199 203 201 189 176 175 182 182 177 177 194 198 200 201 196 185 177 180 179 179 170 159 161 173 180 178 177 169 158 157 164 163
180 179 179 181 182 180 174 170 164 159 161 170 179 181 180 180 181 179 180 179 178 190 201 201 200 199 199 201 202 201 196 191 185 181 180 186 195 202 202 200 201 201 201 201 201 200 200 200 193 190 193 200 202 199 198 202 199 189 179 180 183 178 177 185 196 199 201 201 197 186 178 180 178 179 171 159 161 174 181 178 180 173 163 160 163 162
179 179 179 181 182 181 179 176 167 161 162 172 180 179 179 181 181 179 180 179 181 192 201 201 200 199 199 200 202 202 201 199 195 190 185 188 195 201 201 199 201 201 201 201 201 201 201 201 201 198 198 201 201 198 198 201 197 189 183 184 183 175 179 195 198 201 201 202 198 188 179 180 178 179 172 160 161 175 182 179 177 172 162 157 160 160
178 178 179 180 180 180 179 178 174 166 166 174 180 178 179 183 180 180 179 179 184 195 201 201 202 201 200 200 199 199 199 199 202 198 194 195 199 202 202 200 201 201 200 200 200 201 202 202 204 202 201 202 201 198 197 199 197 190 183 181 181 179 186 201 199 201 201 201 199 189 180 179 178 180 173 162 164 177 183 179 180 175 164 158 161 162
178 179 180 180 180 179 178 178 179 172 170 176 179 178 179 184 179 181 179 180 188 198 202 202 202 202 201 200 199 199 199 199 202 202 202 202 202 202 201 201 201 200 200 200 200 200 201 201 202 201 201 201 200 199 198 198 198 193 181 175 180 187 195 202 200 202 201 200 200 191 181 178 178 179 174 166 168 178 183 180 182 177 165 157 160 163
180 180 181 181 181 180 179 178 181 177 175 177 179 179 180 183 179 181 178 180 191 200 202 202 200 201 201 201 201 201 201 201 199 201 204 204 202 200 200 201 199 199 199 199 199 199 199 199 199 200 200 200 200 201 200 199 200 196 183 177 185 196 200 201 200 202 200 200 201 194 183 178 180 179 175 172 174 179 181 180 181 179 168 158 160 164
181 181 180 180 181 181 180 179 179 178 178 179 180 180 181 180 178 182 178 180 194 203 202 202 201 200 200 200 202 202 202 202 199 200 202 202 201 200 200 201 198 198 198 198 198 198 197 197 198 200 200 199 200 202 203 202 202 198 189 186 194 200 201 202 201 202 200 200 202 196 185 179 181 178 176 178 180 179 179 181 183 184 173 159 155 157
181 179 178 179 180 181 181 180 176 178 180 179 180 182 181 178 178 182 178 180 195 204 202 202 202 201 199 199 200 201 200 199 200 200 200 200 200 200 201 201 197 198 198 198 197 197 196 195 198 200 200 199 200 203 205 204 202 199 195 196 201 200 199 203 202 203 200 200 203 198 186 180 182 177 177 182 183 179 178 181 177 179 167 147 136 133
178 182 181 180 184 180 176 180 184 180 179 181 180 180 181 178 179 179 177 185 199 199 196 203 199 203 202 199 201 201 199 199 201 203 190 201 197 194 213 192 196 202 205 181 197 217 203 217 209 196 199 195 204 201 199 198 193 200 203 200 198 201 205 206 200 201 200 199 201 200 190 177 180 175 180 180 179 182 180 181 176 177 162 119 118 126
180 182 179 176 178 180 181 183 177 178 178 179 181 183 181 180 180 178 177 186 200 200 197 202 200 202 201 201 202 199 196 198 183 207 210 197 217 216 188 204 201 184 198 238 244 250 251 246 252 235 226 199 194 204 196 203 204 198 195 200 204 203 200 199 200 201 200 199 201 200 190 178 181 175 179 178 178 183 181 180 175 176 164 125 126 134
179 179 180 177 175 179 181 177 174 183 181 177 182 184 180 179 180 178 178 188 201 201 198 202 201 201 201 203 203 196 196 205 219 245 250 255 251 237 237 217 189 215 242 252 242 245 253 255 250 255 255 232 213 197 192 205 202 202 201 201 202 203 201 199 200 201 200 199 201 200 191 178 181 175 179 178 178 183 181 180 177 177 167 130 130 137
181 177 180 181 178 180 183 178 180 193 188 178 181 182 177 178 179 177 180 192 202 202 200 201 202 200 200 203 201 195 203 223 255 243 224 215 240 255 251 255 251 248 253 255 168 073 057 204 245 248 253 248 252 212 200 202 200 200 202 203 202 200 200 203 200 201 200 199 201 201 191 179 180 177 183 180 178 182 180 180 180 178 169 131 126 133
181 172 173 178 175 176 181 181 187 200 193 178 179 180 176 178 179 177 183 196 202 202 201 201 202 200 201 203 198 194 213 244 251 161 059 060 169 248 252 253 249 245 254 235 054 028 041 125 255 248 246 245 254 228 190 198 203 195 195 204 206 198 195 201 200 201 200 199 201 201 192 180 178 180 189 185 178 180 180 181 182 180 173 135 125 130
181 176 177 180 180 178 177 176 190 200 195 181 178 179 178 180 179 177 187 200 202 201 201 200 202 201 201 202 196 193 218 255 255 065 035 016 098 254 245 255 255 251 250 255 145 065 090 202 255 250 255 252 240 229 141 157 180 191 200 202 201 201 199 195 200 201 200 199 201 202 193 181 178 183 194 189 179 180 180 182 181 178 176 141 129 133
177 180 177 174 178 182 181 179 192 199 198 188 180 179 180 180 178 178 191 203 202 200 201 200 201 200 201 202 196 193 217 251 246 198 087 107 214 252 255 246 247 251 255 242 252 239 250 255 252 249 255 251 242 211 111 115 141 167 190 197 199 202 202 197 200 201 200 198 201 202 193 182 180 185 195 189 179 180 180 181 180 174 172 140 129 135
158 164 154 141 151 170 178 180 196 201 203 195 183 180 180 178 178 178 193 205 202 199 201 200 200 200 201 202 196 192 212 243 250 255 247 255 255 248 255 253 245 208 234 250 247 254 248 249 254 255 251 242 236 168 119 131 120 126 155 194 209 199 194 202 200 201 200 198 201 202 193 182 182 186 195 188 178 180 180 180 182 171 166 134 126 135
121 145 120 121 113 155 177 180 195 201 205 203 194 185 179 178 177 182 200 195 202 205 203 202 202 203 192 196 203 139 118 223 248 251 247 251 252 251 255 243 182 161 172 212 249 245 245 251 255 245 248 237 183 130 120 134 137 131 113 168 195 203 203 200 202 200 205 206 199 198 194 181 180 193 200 190 175 176 181 177 176 166 140 125 133 139
137 140 132 128 123 149 177 179 198 200 201 201 198 193 186 182 179 183 201 198 203 202 199 199 201 186 201 197 156 113 106 143 222 244 248 244 246 255 248 216 175 172 174 183 216 235 244 242 240 239 214 160 119 123 140 140 137 134 126 131 195 193 194 202 198 198 202 203 202 203 195 177 190 202 199 183 178 181 177 171 173 140 118 124 137 142
142 135 137 129 122 154 179 182 200 198 198 200 203 202 196 190 179 185 200 197 200 197 198 200 196 195 194 153 121 131 133 124 138 172 204 221 219 207 194 176 167 176 178 167 167 155 158 171 166 147 131 126 128 135 139 136 137 142 131 115 166 198 188 201 201 201 201 199 199 203 198 183 197 199 199 191 179 177 178 174 149 122 119 135 139 138
138 137 133 123 117 167 177 184 200 198 197 200 204 205 202 199 183 189 200 196 200 199 199 195 188 174 150 125 128 136 132 138 122 121 124 129 120 109 131 167 182 179 177 175 172 132 111 120 127 124 126 134 140 142 139 134 140 142 134 126 131 191 193 198 199 200 200 199 199 201 200 196 198 193 200 194 174 176 179 157 125 126 135 141 138 139
140 142 133 120 129 174 172 185 198 199 200 201 202 203 204 205 194 197 200 198 206 198 186 164 134 117 121 134 139 141 141 141 138 132 129 129 122 115 132 167 175 177 176 175 179 148 123 121 131 137 137 131 132 139 141 140 143 135 143 134 126 152 190 201 197 196 196 200 203 201 199 201 198 201 199 185 176 177 158 122 127 138 138 134 139 144
143 139 136 123 151 172 173 189 197 199 202 202 200 200 202 205 203 200 199 200 203 180 155 126 123 124 137 142 133 136 141 131 127 128 133 134 131 124 134 168 165 173 178 173 170 141 126 127 129 126 124 130 138 138 136 141 140 137 141 139 133 119 160 197 203 200 195 196 202 202 199 202 198 207 197 186 183 157 127 123 137 144 139 135 141 139
141 135 135 126 151 168 177 189 198 199 201 201 200 200 201 202 203 199 199 200 186 146 132 122 133 130 129 135 135 127 123 125 124 122 127 128 125 116 124 164 178 176 178 171 159 127 114 117 116 124 122 119 127 136 137 139 136 143 134 142 136 121 130 161 188 197 197 194 199 201 201 204 200 201 197 188 165 131 122 141 138 140 140 139 136 131
137 138 132 126 133 166 178 182 200 199 198 199 201 201 200 198 200 200 203 200 170 121 127 146 136 136 132 132 134 129 105 066 081 085 094 099 107 102 094 114 167 176 180 150 111 075 076 087 083 078 072 088 121 139 138 138 137 141 138 136 140 135 123 116 150 181 199 199 201 203 202 204 205 196 198 176 130 123 141 137 140 134 133 130 125 134
142 136 139 134 123 135 165 183 192 201 203 208 201 197 203 192 197 205 191 191 149 126 142 141 136 135 139 142 144 123 076 045 048 049 049 049 048 048 049 049 075 090 087 062 044 045 046 041 047 046 043 068 115 135 135 142 140 139 141 139 134 133 134 130 122 140 189 198 197 203 206 198 205 193 186 148 125 138 136 136 133 136 127 119 134 156
142 139 136 141 138 123 134 169 203 193 200 198 204 206 190 201 201 197 192 149 124 133 137 141 137 137 141 141 139 118 075 049 044 045 047 048 049 050 052 053 038 047 050 043 042 049 053 052 054 053 049 070 113 132 133 141 141 140 141 139 133 134 137 135 126 125 180 201 202 197 199 198 191 189 149 119 127 139 140 135 126 128 135 148 158 155
136 140 138 140 143 131 124 135 182 199 196 197 207 202 197 203 204 191 179 122 123 144 139 136 137 138 142 140 138 124 094 079 088 089 091 093 094 096 097 099 103 101 100 102 105 106 106 104 099 096 088 099 127 138 137 143 141 141 142 139 133 135 140 139 138 118 175 200 205 199 197 193 187 150 122 131 141 135 135 133 126 142 154 159 164 166
130 131 139 141 137 141 136 117 137 185 199 201 200 196 204 201 205 191 150 118 138 142 142 134 138 139 142 139 138 133 120 118 125 126 127 127 127 127 128 128 135 131 129 132 134 133 130 128 133 130 120 122 137 140 136 139 141 141 142 139 133 135 140 140 135 123 186 199 199 198 194 180 147 121 133 140 139 141 124 119 145 166 168 154 157 174
140 127 130 140 137 135 137 134 117 142 188 198 197 202 196 204 203 191 134 116 136 132 138 138 141 142 144 139 138 135 129 134 133 133 133 133 131 131 131 131 131 133 135 136 137 139 139 138 135 134 129 130 139 140 137 139 139 140 142 140 135 135 139 137 131 131 187 197 200 196 173 140 117 125 143 139 140 136 122 144 169 172 166 159 164 172
162 146 125 124 138 137 134 143 130 121 147 187 202 199 198 206 198 192 152 119 131 134 132 142 140 141 144 140 139 137 131 137 137 138 139 139 138 138 139 139 137 142 144 140 137 139 140 138 137 138 136 137 142 141 138 138 138 139 141 140 136 136 137 134 124 149 197 200 183 162 137 118 130 136 138 142 134 126 149 175 178 170 160 160 170 177
175 170 144 122 130 140 139 137 140 131 120 157 190 194 204 200 197 194 169 122 135 140 134 139 137 137 141 140 142 140 134 139 137 137 138 138 138 139 139 140 137 139 139 137 136 137 138 138 138 139 140 140 140 138 134 133 138 137 140 140 137 137 137 132 118 170 196 179 141 122 121 134 135 137 136 130 124 148 177 172 176 171 159 156 170 183
176 179 172 143 118 128 143 138 138 138 128 122 161 199 196 194 200 195 164 115 139 136 141 135 137 135 137 137 141 141 135 140 139 139 140 139 139 138 139 139 142 139 137 138 139 138 138 139 136 137 139 140 140 139 138 135 138 137 139 139 138 139 137 132 139 172 150 126 119 132 135 138 138 127 129 130 156 179 172 183 175 169 159 161 172 179
178 172 179 177 149 125 128 138 139 133 140 122 121 172 190 199 203 197 157 120 137 141 138 137 134 137 140 141 140 137 136 135 139 139 139 139 139 139 139 139 139 139 139 139 139 139 139 139 139 139 139 139 139 139 139 139 139 139 139 139 139 139 138 137 130 128 127 130 136 138 138 139 129 121 138 168 178 174 177 182 173 167 162 162 180 180
174 182 177 174 173 151 127 127 139 141 140 134 131 120 169 196 196 202 185 127 125 140 135 139 134 136 139 140 140 139 138 137 139 139 139 139 139 139 139 139 139 139 139 139 139 139 139 139 139 139 139 139 139 139 139 139 140 139 139 139 139 139 139 138 134 140 137 139 144 134 123 129 125 156 181 180 174 182 184 175 173 164 162 166 180 176
180 179 179 180 180 173 150 123 125 143 138 137 127 123 121 170 197 195 198 165 133 128 136 139 135 136 137 139 141 141 140 139 139 139 139 139 139 139 139 139 139 139 139 139 139 139 139 139 139 139 139 139 139 139 139 139 140 139 139 139 139 140 140 139 143 137 138 140 138 137 129 111 159 184 194 182 176 181 183 177 174 159 163 172 180 171
183 178 181 180 175 179 172 149 123 128 135 134 140 127 124 129 178 192 194 196 159 121 136 137 136 135 136 138 140 141 141 140 139 139 139 139 139 139 139 139 139 139 139 139 139 139 139 139 139 139 139 139 139 139 139 139 140 139 138 139 139 140 140 140 137 144 139 135 130 114 125 167 196 195 187 181 182 178 176 183 173 157 165 177 181 167
178 185 178 172 180 180 176 181 161 109 135 138 132 141 129 128 133 183 194 190 160 126 134 138 137 136 136 137 139 140 140 139 139 139 139 139 139 139 139 139 139 139 139 139 139 139 139 139 139 139 139 139 139 139 139 139 140 139 139 139 139 140 140 139 138 136 138 129 115 131 172 200 197 201 197 191 189 181 177 182 170 158 168 180 181 166
180 179 177 178 180 179 181 189 187 161 114 130 131 137 143 135 114 143 187 178 127 126 139 140 138 137 137 137 138 139 138 138 139 139 139 139 139 139 139 139 139 139 139 139 139 139 139 139 139 139 139 139 139 139 139 139 139 139 139 139 140 139 138 138 128 131 117 121 159 189 193 196 196 197 199 199 195 184 178 181 169 164 173 179 180 166
182 172 179 186 175 176 186 187 197 189 156 114 136 140 138 139 129 119 156 158 114 127 141 141 138 138 139 139 138 138 138 139 139 139 139 139 139 139 139 139 139 139 139 139 139 139 139 139 139 139 139 139 139 139 139 139 139 139 139 139 140 139 137 136 132 123 138 174 195 196 195 197 201 192 194 200 194 181 178 181 168 172 179 176 177 166
176 181 180 178 178 174 178 195 192 195 193 155 121 137 139 139 142 138 123 127 131 139 135 139 138 139 140 140 138 138 138 139 139 139 139 139 139 139 139 139 139 139 139 139 139 139 139 139 139 139 139 139 139 139 139 139 138 139 139 140 140 138 136 134 132 169 194 197 197 199 198 198 195 196 202 200 187 180 181 179 168 178 182 173 175 165
179 179 179 181 181 177 181 194 197 203 197 187 152 121 131 139 139 140 140 138 142 139 132 142 141 140 140 140 139 139 138 138 139 139 139 139 139 139 139 139 139 139 139 139 139 139 139 139 139 139 139 139 139 139 139 139 139 139 139 138 140 140 137 132 133 184 194 203 201 199 197 198 195 196 200 200 190 182 179 178 180 178 179 179 172 163
179 180 180 181 182 178 182 194 204 197 199 195 183 148 117 134 138 139 139 136 142 144 137 140 140 140 139 139 139 139 139 139 139 139 139 139 139 139 139 139 139 139 139 139 139 139 139 139 139 139 139 139 139 139 139 139 139 139 139 138 140 140 137 133 126 177 194 203 202 202 199 199 197 197 201 200 189 181 179 178 180 179 179 178 171 161
180 181 180 181 182 179 183 193 198 197 202 196 197 180 136 117 131 137 141 137 139 142 135 135 140 139 138 138 138 138 139 140 139 139 139 139 139 139 139 139 139 139 139 139 139 139 139 139 139 139 139 139 139 139 139 139 139 139 139 138 140 140 137 133 119 168 195 203 203 205 202 199 199 198 201 198 188 181 180 179 179 180 180 177 168 159
180 181 180 180 181 180 183 191 193 199 199 200 194 195 178 122 123 130 141 139 137 136 131 135 139 138 138 137 137 138 139 140 139 139 139 139 139 139 139 139 139 139 139 139 139 139 139 139 139 139 139 139 139 139 139 139 139 140 139 139 139 140 138 134 118 161 196 202 200 205 203 199 201 200 201 196 186 180 180 180 179 180 180 174 165 158
179 181 179 178 180 180 182 187 199 196 197 207 200 197 195 162 129 126 136 140 138 135 132 138 139 138 137 137 137 138 140 140 139 139 139 139 139 139 139 139 139 139 139 139 139 139 139 139 139 139 139 139 139 139 139 139 139 140 139 139 139 140 138 135 124 155 196 199 197 203 201 199 202 201 201 194 184 179 181 180 179 180 178 171 162 157
178 181 179 177 179 180 180 183 198 198 204 201 204 202 187 195 147 132 134 139 139 138 134 136 139 139 138 138 138 139 140 140 139 139 139 139 139 139 139 139 139 139 139 139 139 139 139 139 139 139 139 139 139 139 139 139 139 140 140 139 139 139 138 136 130 149 195 199 196 202 199 198 202 201 200 193 182 179 181 181 180 180 176 167 160 158
178 182 180 177 180 180 179 179 192 202 206 194 201 204 189 196 148 134 137 140 139 140 136 134 139 139 139 139 139 139 139 140 139 139 139 139 139 139 139 139 139 139 139 139 139 139 139 139 139 139 139 139 139 139 139 139 139 140 140 139 138 139 138 137 132 141 194 200 198 203 199 198 201 200 199 191 181 179 181 181 181 180 174 164 159 160
178 183 181 178 180 181 178 177 195 202 199 201 199 197 201 187 131 128 139 142 137 140 140 137 140 140 139 139 139 139 139 139 139 139 139 139 139 139 139 139 139 139 139 139 139 139 139 139 139 139 139 139 139 139 139 139 139 140 140 139 138 139 139 137 132 136 193 202 201 205 199 198 200 200 199 191 180 179 182 181 181 180 172 162 158 161
180 180 181 181 181 180 180 181 187 196 198 199 203 197 199 178 125 139 139 139 140 138 141 138 139 139 139 139 139 139 139 139 139 139 139 139 139 139 139 139 139 139 139 139 139 139 139 139 139 139 139 139 139 139 139 139 139 139 139 139 139 139 139 139 136 137 186 203 202 202 200 201 200 201 196 185 178 179 181 180 181 175 165 159 161 165
178 179 180 181 181 180 180 181 184 195 199 200 204 198 197 171 125 139 139 139 140 138 141 138 139 139 139 139 139 139 139 139 139 139 139 139 139 139 139 139 139 139 139 139 139 139 139 139 139 139 139 139 139 139 139 139 139 139 139 139 139 139 139 139 135 135 185 202 202 202 200 201 201 200 194 184 178 180 181 181 180 172 163 160 161 164
175 177 179 180 180 180 180 181 180 193 200 201 203 198 195 163 125 139 139 139 140 138 141 138 139 139 139 139 139 139 139 139 139 139 139 139 139 139 139 139 139 139 139 139 139 139 139 139 139 139 139 139 139 139 139 139 139 139 139 139 139 139 139 139 135 132 182 201 201 201 201 201 202 198 190 182 179 181 182 181 177 168 161 161 162 162
171 175 179 180 179 180 180 181 176 190 199 200 202 199 195 156 125 139 139 139 140 138 141 138 139 139 139 139 139 139 139 139 139 139 139 139 139 139 139 139 139 139 139 139 139 139 139 139 139 139 139 139 139 139 139 139 139 139 139 139 139 139 139 139 134 128 179 201 200 200 201 201 202 195 185 179 179 181 181 180 174 164 159 161 163 160
167 174 179 180 179 180 181 181 174 186 197 199 200 200 196 153 125 139 139 139 140 138 141 138 139 139 139 139 139 139 139 139 139 139 139 139 139 139 139 139 139 139 139 139 139 139 139 139 139 139 139 139 139 139 139 139 139 139 139 139 139 139 139 139 135 125 176 201 199 200 201 200 201 191 181 178 179 180 180 179 171 161 157 162 164 159
164 173 180 180 179 179 181 181 175 183 194 198 199 200 197 153 125 139 139 139 140 138 141 138 139 139 139 139 139 139 139 139 139 139 139 139 139 139 139 139 139 139 139 139 139 139 139 139 139 139 139 139 139 139 139 139 139 139 139 139 139 139 139 139 136 122 174 201 198 199 202 199 200 189 179 177 179 180 179 179 168 160 157 162 163 160F