084 094 117 118 117 123 120 129 124 127 126 093 097 117 090 130 148 133 133 144 138 159 181 216 220 223 222 221 222 222 220 220 220 220 220 220 220 220 220 218 217 216 215 214 213 212 211 211 209 207 206 207 207 206 205 209 205 203 205 221 168 126 207 206 205 205 204 204 204 204 204 210 210 208 206 209 206 213 147 034 027 037 044 044 059 071 061 044 040 033 028 027 029 030 030 026 032
096 110 130 128 125 130 128 130 133 131 138 107 096 119 086 141 128 123 144 131 128 155 165 217 222 225 224 223 224 224 222 220 220 220 220 220 220 220 220 218 218 217 216 214 213 212 211 211 209 207 207 207 207 206 205 204 209 207 211 208 144 135 208 201 202 202 202 202 202 202 202 205 204 206 206 205 205 204 125 031 031 036 040 040 048 053 048 033 032 031 031 032 034 034 034 045 030
099 124 142 135 133 136 136 133 144 132 148 119 090 121 084 136 119 141 177 119 111 150 173 219 224 227 226 226 227 227 225 222 222 222 221 221 221 221 221 219 219 218 216 215 214 213 212 212 210 208 207 208 208 207 206 202 211 205 215 194 122 158 208 200 201 202 203 204 203 203 202 204 200 208 209 202 208 194 096 026 035 037 036 040 038 035 038 030 029 029 032 036 038 038 038 041 034
096 134 150 140 140 142 145 141 156 135 154 131 086 124 090 125 122 147 184 124 112 139 176 221 225 228 228 227 228 228 226 224 223 223 223 222 222 222 221 220 220 219 217 216 215 214 213 213 211 209 208 208 208 207 206 205 209 198 215 181 117 186 207 197 199 201 203 204 203 202 201 205 199 207 209 199 209 178 068 021 038 038 035 042 035 027 037 040 033 030 033 038 041 040 039 032 035
097 145 159 148 151 149 153 150 163 143 164 146 087 122 095 124 130 123 147 133 127 117 157 223 227 230 229 228 229 228 226 226 225 225 224 224 223 223 222 221 221 220 219 217 216 215 214 214 212 210 209 209 208 207 206 206 207 200 213 160 120 202 204 193 195 197 199 200 199 198 197 202 196 201 203 194 204 155 045 022 038 038 036 042 034 027 039 047 039 035 040 045 044 039 036 038 028
099 155 166 154 161 154 158 154 162 154 170 157 088 109 091 117 143 128 127 134 123 101 157 226 230 232 231 229 229 228 226 227 227 226 226 225 224 223 223 222 222 221 220 218 217 216 215 215 213 211 209 209 209 208 206 205 205 212 208 135 129 204 201 194 195 196 197 198 198 197 196 200 198 196 199 196 200 132 033 027 035 037 036 036 030 029 038 044 042 046 053 054 045 035 031 033 026
099 161 171 161 172 162 166 166 164 166 172 160 089 095 091 110 148 153 141 140 117 102 166 230 234 236 233 231 230 229 227 229 228 228 227 226 225 224 224 223 223 222 220 219 218 217 216 216 214 211 210 210 209 208 207 208 200 218 200 120 155 204 197 197 197 197 197 197 197 197 197 195 199 192 196 201 196 110 027 032 029 033 035 029 029 037 040 042 048 057 062 053 037 029 030 027 028
100 165 175 168 183 173 176 184 172 178 174 162 093 092 098 114 137 157 154 157 129 111 157 233 237 238 235 233 232 230 227 230 229 228 227 226 225 224 224 223 223 222 221 219 218 217 217 216 214 212 210 210 209 208 207 215 195 216 192 117 181 207 193 195 195 194 193 193 193 194 194 187 196 186 191 202 190 094 020 034 023 030 035 025 030 045 044 046 054 065 065 047 027 023 031 037 025
105 173 178 184 199 193 188 173 186 175 182 180 096 103 101 091 139 151 155 157 127 092 159 237 237 238 239 234 230 232 237 231 231 231 231 231 231 231 231 225 224 223 221 220 219 218 218 215 214 212 211 212 211 209 208 205 213 210 177 114 184 206 192 194 194 194 194 193 192 190 190 190 196 187 185 207 170 066 021 031 031 029 025 023 029 041 051 045 080 076 042 032 032 028 029 034 032
104 173 187 189 183 160 149 138 174 184 190 196 109 089 098 103 145 152 155 160 127 091 154 232 234 232 230 236 244 237 222 232 232 232 232 231 231 231 230 227 226 225 223 222 221 220 220 216 215 213 212 212 212 210 209 207 209 212 168 121 191 202 188 194 194 194 193 192 191 190 189 185 196 190 189 205 151 051 026 029 028 025 023 026 034 045 053 059 077 064 036 033 034 029 029 035 029
101 170 194 184 152 133 139 159 187 195 187 201 123 078 104 098 134 135 145 162 134 106 168 234 238 242 239 233 230 236 242 234 234 233 233 232 231 231 230 229 228 227 225 224 223 223 222 218 216 215 214 214 213 211 209 210 205 215 155 133 199 197 185 193 193 193 192 191 190 189 188 184 194 187 190 204 127 033 028 030 027 024 024 029 039 049 055 075 070 048 030 034 036 030 030 034 029
096 158 178 159 131 144 180 201 192 192 181 198 136 079 109 082 113 113 130 161 133 115 175 249 243 237 236 239 241 239 235 236 236 235 234 233 232 231 230 230 229 228 226 225 224 223 223 220 218 216 215 215 214 212 210 211 205 217 145 149 205 192 187 192 192 192 191 190 189 188 187 189 192 180 186 199 104 019 029 029 028 027 028 033 043 054 061 080 059 035 029 036 036 032 032 038 040
113 157 151 138 145 184 212 185 159 177 190 200 144 084 106 074 104 103 123 157 115 095 150 192 221 244 243 237 238 238 232 237 237 236 235 234 233 232 231 230 229 227 226 224 223 223 223 221 219 217 216 215 214 212 210 211 208 212 141 165 205 189 193 192 192 192 191 190 189 188 187 189 190 182 186 185 078 014 035 025 028 030 032 037 047 061 072 072 045 029 033 037 035 034 034 040 048
155 180 149 147 183 212 193 148 140 173 200 198 139 086 104 069 101 103 125 156 099 077 126 134 160 201 234 242 235 234 241 238 238 237 236 235 234 233 232 229 228 227 225 224 223 222 222 221 220 217 216 215 214 212 210 210 213 195 140 180 202 188 197 192 192 192 191 190 189 188 187 186 188 191 189 168 058 018 040 019 024 030 034 040 052 068 081 059 034 028 037 036 034 035 033 030 039
166 188 168 175 202 206 160 141 164 184 203 196 133 083 100 067 100 103 125 159 098 087 140 162 141 136 170 220 248 243 228 239 238 238 237 236 235 234 234 230 229 227 226 224 223 223 223 222 220 217 216 215 213 211 209 210 217 173 140 192 199 187 198 193 193 192 192 191 190 188 188 188 183 192 189 160 056 029 033 020 024 028 034 042 054 069 079 050 028 028 039 034 033 036 030 022 028
139 169 180 194 198 190 148 146 194 195 202 202 135 079 090 071 103 103 124 160 103 105 166 177 194 171 125 138 208 250 242 239 238 238 237 236 235 235 234 230 230 228 226 225 224 224 224 221 220 217 216 214 213 210 209 210 219 156 139 199 196 186 197 193 193 193 192 191 190 189 188 195 178 185 186 161 065 039 020 025 025 027 033 042 054 066 073 046 025 028 039 032 032 036 026 025 030
146 123 161 200 177 195 151 168 187 172 193 198 149 081 090 065 097 112 119 148 112 131 167 155 189 197 161 076 128 205 250 239 241 231 244 238 227 242 230 234 232 229 228 227 227 225 224 219 219 219 218 216 213 211 209 210 214 128 154 215 192 193 192 196 194 192 191 191 190 189 188 185 186 192 169 160 114 029 022 023 032 029 037 042 057 078 062 035 028 033 040 034 030 032 030 030 029
170 139 141 154 197 176 167 196 143 152 197 188 142 092 091 062 099 107 116 140 115 142 154 150 162 193 191 104 111 147 198 239 244 234 237 242 238 240 234 235 233 231 229 229 228 226 225 220 220 220 219 217 214 212 211 213 201 127 164 211 191 192 192 192 191 190 190 191 191 190 189 186 183 183 164 170 138 044 010 024 032 028 034 045 063 075 053 036 029 034 040 033 030 033 032 034 030
202 179 141 129 177 173 177 204 131 160 197 194 139 084 090 061 100 101 116 129 117 156 142 154 154 188 186 114 124 109 121 211 234 243 232 235 243 236 236 237 235 232 231 230 229 227 225 222 221 221 219 217 215 213 212 217 180 128 181 205 190 190 192 189 188 189 190 192 192 190 189 185 184 178 158 176 163 070 012 024 033 028 032 050 070 070 042 037 032 036 039 031 029 034 034 032 024
197 200 170 148 125 183 178 172 153 192 186 206 144 068 095 064 097 095 123 123 117 169 148 167 170 199 176 110 142 119 113 168 206 248 239 229 240 237 238 237 235 233 232 231 229 227 225 222 221 220 218 216 214 213 212 220 158 136 197 201 192 190 193 188 188 189 191 192 191 189 186 182 189 181 154 172 176 096 025 022 035 031 032 055 073 061 034 041 036 039 038 029 029 035 034 028 017
157 172 194 176 116 163 177 150 155 197 164 186 138 075 103 069 090 095 134 122 124 181 170 187 186 214 198 121 140 135 155 148 170 226 252 240 235 237 241 236 235 233 232 231 229 225 223 221 220 219 217 215 213 212 211 218 141 151 208 199 194 191 195 191 190 191 191 191 190 186 184 185 192 180 154 171 183 108 023 021 036 036 035 059 072 052 034 046 040 040 036 027 030 037 034 029 015
147 142 189 186 159 125 164 163 140 166 138 142 117 091 099 068 082 101 140 120 135 183 184 202 202 212 207 137 146 141 139 161 158 183 240 254 231 234 239 237 235 234 233 231 229 225 222 221 220 218 216 214 212 212 211 210 130 169 209 198 196 192 196 193 192 191 191 191 189 187 184 191 189 173 156 177 188 110 010 023 035 037 038 063 069 044 039 049 042 039 033 027 033 041 036 029 016
187 151 156 186 189 127 137 164 146 136 111 130 111 093 099 065 080 111 134 109 144 171 172 189 213 207 200 137 154 155 115 184 192 157 200 250 234 237 234 238 237 236 235 233 230 226 223 222 221 219 216 214 213 213 213 199 124 185 204 198 197 191 195 193 192 191 191 191 191 189 188 193 185 167 159 180 189 116 013 028 034 036 040 068 068 038 044 050 041 035 030 027 038 046 039 028 017
227 175 120 188 185 163 115 136 168 124 091 148 124 086 111 063 082 118 125 098 146 155 151 159 212 215 210 132 142 173 148 198 239 160 166 238 242 247 233 239 238 237 236 235 231 227 224 224 222 220 217 215 214 214 214 191 122 194 199 198 197 190 193 192 191 190 190 191 192 192 191 193 183 166 161 178 186 124 031 032 032 033 040 072 068 034 047 049 039 033 028 028 041 049 041 030 020
117 157 097 124 192 183 135 118 171 149 088 146 126 095 112 068 067 135 115 107 130 143 192 153 202 216 201 140 160 167 148 198 223 231 148 179 241 236 239 240 238 235 234 235 233 230 227 218 235 216 215 225 214 212 218 151 139 204 199 193 206 198 194 192 193 195 196 195 195 194 194 188 190 160 148 180 183 138 031 020 042 034 038 070 063 040 051 043 036 025 021 033 049 050 041 030 024
027 036 028 076 170 189 160 116 142 136 098 153 131 095 108 046 061 129 101 100 138 149 181 156 200 217 195 131 163 176 148 169 214 238 189 165 220 241 232 239 237 235 235 235 233 229 225 221 231 218 219 222 214 215 209 136 152 209 203 198 204 202 198 197 196 196 196 195 193 190 187 183 181 164 163 186 185 147 041 020 039 039 043 061 056 042 052 045 038 027 026 041 056 054 041 030 028
023 011 019 030 113 177 181 127 109 120 112 162 132 093 100 050 083 143 097 096 140 145 157 175 205 225 196 125 163 182 142 145 206 234 226 160 194 249 235 236 235 234 235 235 233 228 223 226 225 219 222 216 214 218 194 120 173 213 206 204 202 207 202 202 199 196 196 196 193 186 180 167 156 157 172 184 184 161 056 022 033 043 048 048 045 045 049 045 036 027 031 050 064 057 040 028 032
029 026 030 090 065 168 196 158 100 112 126 168 129 093 096 040 086 141 094 100 150 161 173 196 206 230 202 131 166 186 146 150 211 227 237 182 167 240 242 236 234 232 233 234 232 228 225 230 220 218 223 208 212 219 177 118 194 210 203 207 202 210 201 204 200 196 197 199 197 188 180 169 144 153 177 180 182 173 071 026 028 044 050 038 038 047 044 041 032 025 034 057 069 057 037 028 034
014 016 023 013 037 141 185 186 112 106 130 168 118 096 095 048 095 140 091 098 142 159 182 201 196 225 203 141 171 189 157 160 221 230 235 220 144 208 242 239 236 233 233 234 233 231 228 230 217 215 218 202 211 215 160 133 207 204 198 207 204 208 199 204 199 196 198 202 201 194 187 193 158 163 185 180 182 182 084 032 027 043 050 035 038 049 040 038 028 024 037 061 073 058 037 031 035
018 023 027 022 010 092 171 190 130 096 121 161 101 095 091 071 117 146 090 093 128 148 177 200 194 221 191 141 170 182 153 150 215 236 233 247 144 183 243 242 239 236 235 235 233 229 226 223 214 211 213 202 211 207 143 157 211 201 197 204 206 203 199 203 200 197 199 201 201 197 193 198 165 168 185 180 184 188 095 036 031 043 050 038 041 049 040 036 028 025 040 065 075 061 041 036 032
016 023 025 023 070 054 162 182 154 093 114 160 088 095 086 060 113 136 077 089 133 158 185 193 201 221 169 132 171 175 141 147 206 237 231 244 169 176 237 241 239 237 236 234 229 221 215 213 212 207 209 205 213 196 128 178 208 203 202 201 208 198 204 204 202 200 199 198 197 195 194 181 163 169 183 180 184 188 102 033 034 043 047 041 041 044 040 035 027 026 042 066 075 063 046 038 025
026 020 016 026 026 028 126 181 178 101 118 167 086 100 087 060 118 132 062 075 124 146 163 181 203 220 151 124 176 178 138 164 208 236 228 228 192 175 222 238 237 236 235 231 223 212 204 205 210 205 207 209 214 189 119 189 205 207 208 200 208 195 209 206 205 202 199 195 193 192 193 172 167 177 187 184 184 185 102 028 034 041 043 040 038 039 040 033 026 026 042 064 074 063 049 036 018
020 016 022 026 016 090 108 186 176 126 121 160 096 094 092 064 132 099 060 084 098 120 139 179 202 215 151 119 164 171 148 167 224 221 195 231 210 139 241 234 240 237 222 210 208 207 203 200 211 209 215 200 224 162 148 204 204 205 205 205 205 206 206 203 205 205 202 201 201 198 192 172 167 176 179 188 189 177 114 032 034 040 054 031 035 036 035 029 041 018 036 061 071 059 064 047 031
034 015 019 032 027 010 084 176 184 143 120 156 094 093 078 093 148 103 059 077 090 116 140 165 195 216 161 135 173 172 149 162 210 172 070 118 182 148 223 234 231 221 210 204 206 209 209 206 210 210 213 204 219 155 162 204 204 204 204 205 205 205 205 205 207 206 202 200 199 194 187 168 163 179 179 189 190 184 115 030 034 037 046 031 036 034 036 032 017 057 120 115 105 087 041 040 026
062 026 011 024 029 090 052 160 190 158 113 143 088 095 073 095 137 088 055 072 089 120 151 165 195 213 161 141 172 161 142 175 220 193 083 036 065 146 237 225 213 203 200 202 204 208 211 212 207 212 211 212 209 146 182 202 202 203 203 204 204 205 205 206 208 207 203 201 199 193 185 164 159 182 174 182 184 187 115 031 036 037 039 033 038 030 036 040 031 134 216 208 191 177 134 059 031
099 063 020 013 022 014 033 141 186 162 106 129 080 101 084 114 141 088 064 071 078 101 131 174 196 199 147 137 164 148 138 210 243 204 194 140 041 124 210 209 198 194 200 205 203 204 209 214 204 212 210 219 193 138 197 200 201 201 202 203 203 204 204 204 206 206 203 202 201 194 186 165 163 187 172 177 179 191 126 036 037 040 037 037 038 027 037 030 054 181 220 217 215 210 228 150 088
122 110 054 020 019 019 024 119 179 165 112 126 078 102 092 129 140 084 075 077 080 101 134 175 192 183 134 138 162 141 141 218 217 096 102 189 132 142 204 200 195 196 205 207 203 204 210 212 203 212 211 221 172 138 202 198 199 199 200 201 202 203 203 202 204 204 202 202 200 191 181 158 166 186 173 181 183 195 148 047 031 041 039 039 037 029 040 026 052 188 182 148 163 165 197 226 179
121 131 092 048 020 017 011 097 179 172 124 124 083 100 088 130 126 069 076 077 081 104 143 169 186 173 128 141 157 129 138 197 206 102 040 062 123 153 214 200 200 203 206 207 206 209 214 209 207 211 213 218 150 149 201 197 197 198 199 200 201 202 202 201 203 203 200 199 196 186 174 151 166 170 167 182 186 189 166 073 025 038 041 040 037 032 040 039 035 171 188 122 135 145 135 178 212
119 127 122 088 033 017 070 082 186 176 120 107 088 102 083 140 125 065 079 068 059 070 104 154 174 158 114 130 143 117 139 186 226 217 123 025 047 133 189 198 203 206 205 206 210 212 211 209 214 210 215 212 131 165 198 195 196 197 198 199 200 201 202 201 202 203 201 201 197 186 174 175 186 158 157 181 189 181 183 114 030 038 046 041 036 035 035 035 024 115 194 149 130 142 119 110 160
130 122 141 121 051 026 016 076 192 174 106 086 090 106 083 123 108 055 080 068 052 054 084 135 156 138 094 114 130 114 150 183 202 198 224 105 038 154 212 193 201 206 204 207 213 211 203 210 220 210 216 206 120 178 197 195 195 196 197 199 200 201 202 199 202 203 203 204 202 191 178 216 219 161 157 183 195 181 199 150 038 041 050 042 036 035 029 028 034 062 177 176 117 123 129 121 097
174 107 122 122 082 090 023 086 173 183 128 071 097 086 085 131 090 061 074 044 055 052 071 120 141 097 079 112 117 123 148 173 100 075 194 186 076 198 205 207 211 212 208 205 207 212 214 209 221 212 230 181 120 195 196 190 193 197 200 200 199 199 199 199 200 203 199 206 197 178 196 230 164 163 185 187 178 194 180 189 083 045 046 039 040 032 026 032 031 032 121 205 129 123 130 110 113
205 123 117 144 144 069 050 071 170 191 130 071 096 086 088 132 085 061 071 053 059 050 061 105 127 087 068 095 102 117 148 185 134 022 057 138 123 189 189 207 208 207 204 205 211 215 216 216 219 215 224 172 135 195 192 190 193 197 199 200 199 199 199 202 203 206 196 200 200 171 162 202 166 170 186 184 179 188 182 196 129 057 037 043 040 033 029 033 035 037 062 175 190 119 132 130 133
203 158 165 208 224 171 055 073 172 188 116 065 099 091 094 124 078 068 070 059 055 046 050 081 104 076 065 085 092 115 148 166 194 094 016 060 127 195 226 200 201 201 203 209 217 221 221 224 217 221 215 159 156 193 187 190 193 197 199 199 199 199 200 203 201 207 194 195 204 168 126 166 172 179 187 181 182 182 184 194 178 082 033 047 042 034 030 030 040 040 026 114 206 156 143 144 121
156 148 181 221 226 230 143 095 176 176 093 060 103 094 100 113 070 079 071 063 049 040 045 054 074 060 060 077 084 111 140 160 186 147 047 038 155 208 199 191 197 204 210 217 224 226 225 228 216 228 202 147 175 191 186 190 193 196 198 199 199 200 201 202 194 205 196 193 205 170 118 140 179 186 186 179 188 180 187 183 198 121 047 045 045 033 029 027 042 040 036 049 141 207 173 176 141
147 129 157 178 172 220 184 108 178 175 089 067 103 086 098 112 067 083 071 068 054 041 042 043 051 039 046 058 067 101 125 156 152 154 091 087 196 210 175 195 207 219 225 228 229 229 227 227 219 231 188 143 187 189 188 190 192 196 198 198 199 201 202 204 191 204 201 195 200 173 139 131 182 189 183 180 193 182 188 181 196 162 079 042 045 034 032 027 038 039 042 023 067 191 206 189 176
170 160 169 163 142 180 163 114 177 181 100 082 099 072 096 116 066 082 071 072 065 045 044 055 047 030 036 040 053 093 115 130 147 160 119 141 195 196 213 214 225 235 237 235 232 229 226 222 224 226 171 150 192 187 189 190 192 195 197 198 199 201 203 207 194 205 205 197 191 173 168 132 176 186 178 182 192 185 187 189 190 190 120 052 043 037 036 028 033 040 030 033 043 111 204 201 189
156 169 173 163 148 157 144 136 177 173 096 088 097 068 105 111 067 085 073 065 065 045 054 062 047 032 039 035 044 087 105 120 124 115 099 177 205 203 225 233 238 240 237 234 232 229 227 219 229 216 156 163 195 187 189 190 192 195 197 198 199 202 204 205 199 206 203 197 185 173 193 133 164 182 175 182 185 187 185 189 187 198 161 081 042 040 035 023 034 042 041 043 041 055 151 218 209
130 138 140 151 166 171 166 165 180 157 080 084 097 071 119 100 067 092 077 054 055 042 066 053 039 032 044 035 038 077 091 118 105 097 101 197 227 244 244 243 241 236 231 229 231 231 228 217 233 208 146 173 196 187 188 190 192 194 196 198 200 202 204 200 201 206 199 197 183 174 207 132 153 178 173 182 180 188 183 182 185 194 186 109 043 041 032 015 037 042 073 040 035 051 093 187 217
095 104 115 121 129 145 163 170 177 125 076 094 081 061 133 079 078 084 082 080 077 066 064 049 039 037 033 037 054 074 094 120 105 077 147 244 247 231 245 240 239 238 236 234 232 229 228 224 222 197 149 173 191 190 191 193 194 195 197 199 200 201 201 202 202 200 199 198 169 191 202 177 117 176 195 180 181 181 185 186 187 180 189 171 083 024 042 019 025 057 065 037 036 056 054 109 229
100 090 084 085 097 119 138 144 129 100 075 089 075 075 126 072 080 088 083 081 083 073 065 063 037 043 050 041 055 085 100 114 088 136 212 237 241 245 243 239 239 238 236 234 232 230 229 221 224 188 151 181 190 191 190 193 194 196 197 199 200 201 201 204 202 204 204 197 173 195 202 187 130 161 196 180 184 182 187 184 187 190 191 191 125 040 042 028 025 047 059 040 032 049 062 069 182
169 146 120 104 099 100 102 116 102 096 079 084 073 095 114 068 086 093 085 081 085 078 065 055 031 037 045 036 060 096 098 093 106 204 254 235 240 246 242 238 238 237 236 234 232 230 229 220 227 175 156 191 189 193 189 193 194 196 198 199 201 201 201 201 196 203 202 186 171 194 196 197 148 138 194 181 186 182 187 182 183 191 183 199 166 065 035 035 027 036 052 044 030 045 075 059 106
184 182 174 164 153 136 121 117 128 119 083 086 075 109 106 073 090 093 088 082 080 078 065 049 050 041 037 048 081 107 099 089 169 238 242 241 246 236 242 238 238 237 236 234 233 231 230 224 228 164 164 199 187 196 191 193 194 196 198 200 201 202 202 201 193 202 199 176 173 194 195 201 164 121 186 183 188 181 186 187 183 187 180 191 184 106 035 030 029 033 043 043 033 048 084 079 056
168 180 189 193 188 174 162 143 162 122 079 095 078 108 103 077 088 085 087 082 072 075 067 041 060 037 032 063 082 093 100 144 226 242 230 244 246 241 241 238 238 237 236 234 233 231 230 232 221 158 174 199 186 196 193 194 195 197 199 200 201 202 202 207 198 205 198 173 183 200 201 200 178 122 172 188 191 183 186 192 188 187 191 185 191 157 057 020 028 032 034 036 036 054 083 084 060
171 164 161 157 151 149 150 149 152 090 074 101 077 105 097 076 084 074 082 080 069 075 065 036 051 032 047 073 071 101 142 222 243 241 245 239 240 255 239 238 238 237 236 234 232 230 229 236 202 158 184 195 187 195 194 194 195 197 199 201 202 202 203 206 201 203 192 172 191 199 202 198 188 140 152 192 192 187 189 187 187 186 198 184 192 189 097 023 025 030 031 029 035 055 074 082 078
143 125 114 101 087 090 103 107 106 062 084 097 079 113 081 071 083 069 076 077 068 073 053 052 051 052 074 063 070 157 221 248 239 246 252 237 239 251 239 239 239 238 236 234 232 230 229 234 179 159 194 189 189 193 193 195 196 197 199 201 202 203 203 201 202 201 188 175 199 196 200 196 195 164 129 192 189 189 190 185 189 187 193 187 193 195 144 043 022 026 037 028 030 051 065 089 081
134 116 106 084 055 049 061 054 067 056 100 088 083 126 064 068 085 069 072 073 068 070 040 055 043 058 071 021 048 187 255 229 237 251 239 239 244 231 242 240 239 238 236 234 232 229 228 230 162 160 200 185 191 191 192 195 196 197 199 201 202 203 203 202 207 205 191 183 209 198 203 195 197 180 112 189 184 189 190 194 198 194 186 191 199 193 183 064 022 023 044 031 027 048 060 095 078
134 105 091 096 099 082 060 070 075 064 099 092 085 117 059 067 079 077 071 078 079 064 052 034 036 033 043 021 064 197 248 250 240 231 252 243 232 255 244 242 233 241 236 233 235 229 243 226 136 192 188 190 198 189 196 191 193 195 198 200 201 201 201 198 203 204 184 189 206 198 204 201 190 200 134 155 204 182 190 190 183 192 190 179 171 169 183 109 015 015 038 041 025 033 061 091 092
105 084 090 106 104 085 068 077 064 068 096 080 086 113 059 072 076 074 074 076 064 047 043 045 033 029 034 038 119 230 241 247 244 239 245 239 236 247 244 239 233 242 238 235 236 230 240 206 132 189 188 190 197 189 196 191 193 195 198 200 201 201 201 201 203 202 184 192 207 200 205 200 197 197 155 141 200 183 186 185 201 202 172 175 196 180 166 148 026 016 037 037 027 034 055 090 088
082 074 098 119 113 095 084 067 040 071 089 068 097 116 064 078 072 064 064 059 036 023 032 028 017 038 036 041 147 249 249 239 241 246 241 248 251 236 236 240 236 241 235 232 234 231 239 185 135 190 191 192 195 188 194 192 193 196 198 200 201 201 201 204 204 197 184 195 208 202 205 197 203 194 180 129 191 192 186 194 198 189 181 185 174 170 202 194 060 021 032 038 028 034 047 086 088
076 078 102 121 116 099 088 044 020 080 083 061 113 114 057 062 053 039 036 032 018 017 035 043 025 048 032 034 146 241 248 250 211 174 144 172 208 207 234 239 238 238 230 227 231 234 238 172 148 195 195 193 193 189 192 192 194 196 199 201 202 202 202 205 202 190 184 197 208 203 204 197 202 196 193 132 173 206 192 184 213 173 156 176 182 198 208 217 121 034 023 048 028 033 043 079 095
077 075 088 106 108 086 061 024 019 092 081 063 122 098 037 025 025 017 014 019 021 027 041 039 027 032 012 049 177 249 237 211 149 097 079 127 173 173 200 226 236 238 235 233 234 235 230 160 162 196 194 192 192 191 193 193 194 197 199 201 202 202 202 204 200 184 184 199 205 203 203 201 198 202 193 146 149 209 195 196 205 131 147 198 197 213 195 213 185 061 018 058 028 030 041 071 103
073 063 069 087 090 061 026 090 029 097 077 073 122 078 022 040 015 015 012 022 028 028 030 038 094 105 081 128 227 253 209 134 097 084 112 167 191 174 168 213 233 240 243 239 233 229 212 146 171 192 190 191 192 195 194 193 194 197 199 201 202 203 203 202 198 180 186 202 203 203 202 204 197 204 191 167 132 197 196 202 189 130 180 220 187 201 199 203 222 100 026 058 030 028 041 064 103
063 055 061 068 058 032 010 090 046 094 074 084 111 054 016 060 018 018 016 026 031 023 018 080 210 234 203 223 243 212 152 107 088 079 111 147 170 183 171 216 238 239 237 229 219 213 191 137 179 189 188 192 193 197 192 193 195 197 200 202 203 203 203 201 198 179 190 206 202 204 203 204 200 201 197 186 133 180 202 179 204 190 189 197 200 209 194 203 222 142 043 043 034 028 039 060 093
050 052 060 052 027 010 090 023 065 094 072 090 095 032 080 012 019 016 015 027 032 025 022 070 225 249 232 254 228 170 110 109 097 078 093 102 124 167 157 229 247 236 225 211 201 199 178 134 185 190 189 194 195 197 189 193 195 197 200 202 203 203 203 200 199 180 193 208 202 205 204 202 203 197 205 198 142 170 210 202 191 200 203 203 203 199 209 209 210 170 059 029 038 029 038 059 083
051 054 043 019 011 014 011 026 085 098 072 116 056 016 017 017 017 016 014 014 019 028 035 048 148 221 241 226 163 111 113 105 081 085 074 103 103 116 204 245 225 213 200 196 201 210 150 146 188 194 183 193 193 186 198 195 197 199 201 202 202 202 202 207 182 180 201 209 206 207 208 209 193 207 194 204 171 150 203 203 201 200 199 199 200 202 203 205 205 163 048 044 040 026 037 058 077
047 038 025 010 080 012 010 035 092 090 075 102 042 090 012 014 016 019 020 020 022 024 026 034 052 115 187 186 125 096 117 101 076 086 095 112 129 176 218 215 204 203 200 201 203 203 145 155 189 192 181 193 195 190 201 196 197 199 201 202 202 202 202 203 182 183 202 207 203 204 204 214 199 204 193 199 177 152 194 200 199 199 199 200 202 205 206 197 203 172 061 041 037 035 047 065 087
036 019 010 070 090 011 010 050 102 080 082 082 027 080 013 014 014 015 016 018 022 026 030 044 012 046 107 111 096 107 120 081 066 087 133 141 155 226 214 210 203 202 201 204 205 198 152 173 195 191 180 190 193 189 197 195 196 198 201 202 203 203 203 195 181 188 206 209 206 208 209 209 200 199 195 199 190 155 176 206 205 203 202 202 202 203 203 212 212 188 081 031 012 014 019 048 073
022 080 070 014 013 010 013 067 107 073 087 062 018 013 019 013 015 016 015 014 017 024 029 034 032 070 104 102 106 109 087 058 062 085 168 181 162 226 193 207 205 203 203 207 205 189 156 184 195 188 181 191 195 191 195 193 195 197 199 201 201 201 201 194 187 197 212 211 208 210 210 206 204 201 203 203 201 158 157 198 197 196 194 193 193 193 193 194 190 185 120 078 066 078 086 106 127
013 060 090 018 011 070 021 081 104 069 082 041 012 016 021 012 017 021 019 015 015 020 026 050 066 092 108 109 107 097 081 058 072 080 171 202 156 203 190 190 196 199 205 211 203 172 152 188 190 186 187 195 200 198 197 203 204 205 206 206 205 204 203 190 187 197 207 202 198 200 197 196 195 190 191 188 192 156 145 181 181 182 184 185 187 188 189 191 182 192 179 168 168 187 197 191 198
013 060 070 015 050 070 037 090 090 070 066 021 080 016 016 016 016 014 012 014 023 037 048 075 090 086 078 088 095 086 080 073 083 075 139 185 155 194 205 198 204 199 200 205 198 161 160 194 189 188 191 194 195 193 189 195 195 196 195 194 192 190 189 174 173 183 191 187 188 191 187 190 187 183 183 183 192 181 172 192 192 193 194 195 196 197 197 214 204 207 211 210 205 212 217 207 209
016 070 060 014 030 013 056 092 071 072 049 070 010 018 014 018 014 010 012 024 040 056 065 055 076 078 072 083 087 067 047 072 074 071 097 144 164 200 201 204 207 191 186 191 187 152 168 190 181 181 186 184 183 183 179 175 176 178 179 180 179 179 178 177 175 184 190 189 194 198 192 200 197 203 201 203 206 215 210 210 210 210 209 208 207 206 206 203 208 204 205 208 205 205 207 203 211
017 090 070 017 070 020 070 091 058 074 039 020 016 024 017 015 014 018 030 046 056 056 052 051 051 054 061 066 063 058 057 057 056 070 071 113 173 205 180 179 186 174 173 182 178 138 160 174 163 167 176 175 177 181 179 185 187 191 195 199 201 203 204 204 201 205 207 204 208 210 201 200 199 214 210 208 198 210 203 204 205 206 207 207 207 207 206 196 218 210 204 207 209 208 210 197 213
050 011 019 090 050 038 083 089 075 057 021 016 010 018 011 021 026 031 035 040 044 042 038 035 045 046 045 052 055 055 061 065 066 083 122 161 180 178 171 174 172 174 191 179 186 185 188 196 193 190 194 200 204 203 200 204 204 209 207 199 204 213 208 214 205 198 199 205 207 205 204 206 215 207 200 205 200 206 210 202 207 210 210 210 210 208 207 198 211 212 201 207 207 198 209 200 213
010 080 090 040 010 048 092 092 074 048 010 040 040 018 017 034 038 041 044 049 054 054 052 064 073 082 096 111 116 123 139 144 148 160 177 189 192 192 193 202 202 202 212 200 206 203 203 203 201 200 201 204 205 203 201 203 203 209 210 206 208 212 208 198 204 211 216 214 210 208 209 207 204 187 206 210 208 199 197 219 212 207 204 204 211 218 217 216 216 214 214 220 214 206 218 213 215
000 010 020 060 024 061 094 076 068 058 043 053 069 090 095 105 110 117 124 134 145 152 153 168 171 172 180 187 181 182 197 191 194 200 204 201 196 197 202 190 194 193 200 197 206 206 207 206 207 207 207 205 204 202 201 203 202 205 209 210 210 209 208 211 207 201 196 195 199 202 204 200 215 204 218 211 220 222 214 221 211 212 215 210 209 207 197 206 192 183 186 181 163 151 153 133 129
079 088 093 102 119 141 157 159 162 166 165 174 182 188 185 189 192 193 192 192 194 194 193 186 189 185 183 188 187 184 190 194 190 191 196 200 199 198 200 207 211 204 200 201 204 202 203 199 203 206 207 206 205 206 207 209 207 202 203 209 209 206 207 202 203 205 211 221 226 215 201 209 206 195 202 204 176 181 169 168 153 147 142 127 114 105 096 095 084 076 076 065 055 057 049 048 035
183 192 193 196 203 208 208 206 211 212 213 210 210 201 194 198 201 201 196 191 187 184 181 184 193 186 177 187 197 194 190 197 192 192 199 205 205 203 203 200 205 200 198 211 209 206 212 208 211 213 213 211 209 208 209 210 217 209 201 208 209 204 208 203 209 203 180 160 152 147 142 139 097 097 141 186 094 081 076 063 055 048 047 045 036 035 045 040 042 042 042 038 068 113 109 108 081
208 209 205 203 205 204 201 200 202 197 201 197 205 202 202 186 191 195 193 190 190 189 188 188 197 191 183 193 201 197 193 195 194 198 203 203 201 201 205 197 201 202 205 224 204 191 199 191 189 185 179 171 163 157 154 180 213 218 205 210 210 205 210 214 220 197 136 076 050 051 056 052 059 089 137 183 058 036 040 037 062 079 100 114 081 046 052 042 048 050 049 045 105 191 198 198 188
205 203 201 200 200 201 201 201 202 193 198 191 200 195 197 199 203 203 196 188 185 183 182 185 189 190 195 201 193 190 201 193 193 196 200 200 198 199 203 206 205 202 197 201 142 100 098 082 077 070 064 060 054 047 042 110 181 215 207 210 209 203 210 197 212 212 185 151 116 072 035 068 157 188 200 194 071 042 062 122 166 183 201 209 131 042 033 047 047 049 051 038 094 194 206 202 213
200 200 202 202 200 199 201 195 201 199 211 205 212 201 201 195 199 200 196 192 193 196 199 198 191 191 199 189 155 145 167 208 201 199 204 209 207 205 204 208 207 206 203 201 120 061 054 044 040 038 041 047 051 050 047 046 146 205 204 207 206 200 208 209 206 204 213 226 203 121 038 088 202 211 222 193 085 050 094 182 219 211 211 221 137 044 046 047 042 051 064 044 087 185 198 193 189
196 204 217 204 195 204 197 197 191 189 192 184 192 173 163 163 136 138 189 195 197 199 191 195 195 201 208 184 075 050 106 194 196 203 207 207 201 201 209 205 209 207 200 200 198 179 154 053 044 052 059 053 048 049 056 052 059 165 224 210 211 208 211 203 211 206 205 206 219 137 030 074 186 211 209 206 081 055 166 215 205 211 196 222 152 042 040 046 048 048 058 049 073 183 203 186 205
180 177 175 163 161 177 186 190 196 201 173 108 081 068 078 040 051 088 164 188 193 197 204 200 197 197 205 167 056 037 072 167 202 200 200 204 197 203 201 204 207 206 204 207 211 207 197 113 056 046 051 047 049 047 060 050 054 090 183 217 199 213 209 205 212 207 207 207 219 143 035 067 191 215 205 212 098 074 191 213 203 210 197 221 156 046 042 047 049 050 060 051 072 178 200 190 203
093 077 052 051 085 148 204 192 188 198 182 125 091 043 018 066 116 150 190 199 197 193 201 205 202 197 209 151 045 040 048 126 204 205 198 206 201 210 201 206 206 206 206 207 208 211 215 172 066 045 051 049 058 047 058 053 050 042 122 203 210 212 207 206 212 208 208 208 219 153 042 046 183 210 195 211 105 077 198 211 202 209 198 220 163 054 044 049 051 052 061 053 071 168 195 192 191
030 020 026 083 144 173 196 196 178 188 199 194 186 095 017 109 192 209 199 196 204 196 195 199 201 199 212 135 043 055 045 081 185 213 198 205 209 210 207 208 205 206 209 206 199 200 207 194 069 050 057 054 067 049 051 053 046 051 065 148 220 207 205 207 210 208 208 207 218 165 051 043 180 217 206 223 115 078 197 210 202 210 200 217 170 062 044 054 054 055 060 055 068 158 192 194 180
039 037 055 136 204 199 187 190 183 189 188 198 204 105 026 100 191 203 185 188 203 194 194 193 198 203 203 110 039 059 045 051 146 213 201 199 211 200 208 209 204 204 212 212 205 204 210 195 076 051 053 048 063 051 050 047 050 058 035 080 179 210 212 207 207 207 207 206 216 177 059 042 164 213 209 220 120 083 189 211 203 210 203 214 178 069 044 059 057 057 059 056 066 147 190 193 180
040 037 031 092 175 193 191 183 189 192 178 188 185 082 029 136 198 198 191 195 200 192 203 198 203 211 190 087 039 054 047 047 105 197 210 201 212 200 209 210 204 203 208 211 209 210 214 201 092 047 050 047 052 053 055 048 060 045 041 045 105 203 220 207 205 207 208 206 214 189 067 040 144 208 206 208 140 117 193 210 203 211 205 212 186 077 044 060 058 059 060 059 065 137 188 183 180
031 033 022 074 169 193 182 184 190 189 181 200 176 060 039 158 196 188 191 196 200 197 209 203 203 214 171 070 045 049 053 051 065 158 215 205 207 210 207 208 207 205 205 205 206 207 207 209 108 046 070 078 053 053 056 056 051 043 056 039 055 151 203 209 205 208 209 206 214 199 075 044 142 223 215 211 187 181 215 208 201 210 206 210 193 085 046 059 058 061 063 064 065 129 183 179 176
037 047 017 040 138 188 193 185 191 189 183 198 152 036 048 158 194 189 191 194 200 192 189 196 193 207 153 058 049 044 058 048 033 118 209 202 197 216 200 203 208 211 208 206 207 207 204 212 117 049 099 117 065 053 053 059 028 054 058 036 040 085 169 210 206 209 210 207 215 205 079 027 127 222 208 200 208 212 212 206 200 209 207 210 197 089 048 056 057 063 065 069 066 124 180 186 176
045 033 033 036 084 201 189 184 192 190 179 196 142 021 076 175 185 193 193 191 193 196 197 192 194 218 129 064 051 044 053 055 048 059 175 217 203 212 203 205 210 209 205 204 207 206 201 212 134 034 095 177 102 035 058 046 042 057 045 045 035 032 111 207 204 211 218 198 206 216 090 025 118 212 205 210 215 204 210 210 204 211 202 213 195 100 041 061 061 066 067 075 075 101 176 175 172
045 028 033 035 066 180 194 187 190 193 183 194 125 020 084 181 187 192 192 193 196 197 196 197 193 206 111 054 052 052 055 052 051 052 134 213 204 203 212 205 209 209 205 204 207 206 202 220 127 043 080 190 174 067 044 055 051 046 038 043 043 036 053 139 207 214 201 213 218 205 109 024 112 208 205 208 213 204 210 208 202 208 199 211 197 110 049 062 063 067 067 075 075 098 172 176 174
042 027 033 034 044 143 202 190 186 194 188 191 102 024 100 186 188 189 190 194 197 197 194 199 195 195 091 045 054 060 055 051 056 048 082 191 207 195 215 205 207 208 206 206 207 207 204 215 141 041 066 190 219 131 052 045 049 044 041 037 045 050 019 062 169 213 205 214 218 208 125 024 101 201 206 206 210 205 211 207 200 204 196 207 199 122 058 064 065 068 068 075 074 094 164 178 175
036 035 034 033 033 098 202 195 184 192 193 186 081 034 119 187 187 187 188 191 193 194 193 197 199 187 077 045 052 060 055 055 060 053 051 146 209 200 208 205 206 207 207 207 208 207 206 205 173 036 066 177 210 202 105 040 040 051 053 031 038 055 029 028 092 187 228 206 206 221 131 026 089 193 208 204 206 206 211 207 200 202 195 203 199 129 059 064 066 070 068 075 073 089 153 177 175
029 045 033 031 033 057 183 201 187 190 197 174 064 045 134 188 188 189 190 190 190 193 195 196 203 175 062 054 051 054 058 059 060 063 050 097 202 216 202 206 205 206 208 208 208 207 208 208 184 049 067 162 202 230 171 079 039 044 051 034 036 043 038 035 037 128 215 213 205 217 139 031 077 184 210 203 204 207 209 206 200 202 196 199 196 134 054 063 066 070 067 075 072 083 142 175 174
029 046 033 031 035 032 144 201 194 189 199 156 051 055 147 190 189 190 192 192 191 193 197 198 204 153 049 081 065 049 063 061 056 069 060 064 173 219 204 207 205 206 209 209 207 207 209 215 167 067 052 148 214 211 201 141 063 026 032 045 047 035 034 048 030 064 149 218 216 200 154 038 068 176 212 203 202 208 205 205 200 201 197 196 196 140 052 061 065 069 066 074 070 078 132 174 174
039 041 039 037 036 030 102 190 196 187 198 136 042 068 163 192 188 188 192 194 193 193 194 199 200 130 047 129 097 051 063 063 054 068 062 053 123 197 209 208 205 206 210 210 207 206 210 213 172 076 039 140 216 198 200 190 120 037 027 050 046 038 037 046 040 032 076 180 218 203 166 046 062 169 214 204 201 208 202 203 199 199 196 194 198 150 056 058 063 068 064 073 069 074 125 175 175
051 036 045 043 037 036 075 176 193 183 196 123 039 078 176 192 186 183 189 195 195 192 190 198 195 116 053 169 127 054 059 065 054 063 058 053 081 170 211 209 205 206 210 211 206 206 210 209 202 079 040 140 206 211 197 216 179 071 037 047 031 040 044 037 041 030 038 128 208 222 169 051 059 166 215 204 201 208 199 202 197 197 195 193 201 158 063 057 062 067 063 072 069 072 121 176 177
044 033 044 049 045 050 045 144 193 202 187 106 024 100 195 186 187 188 188 189 190 193 196 199 183 080 062 189 188 072 048 056 062 061 060 071 062 125 206 203 203 205 206 207 211 211 206 217 197 090 035 123 205 209 207 199 206 158 053 037 054 027 050 044 038 054 040 047 155 224 180 057 035 159 216 198 207 195 200 197 195 194 196 199 194 166 057 051 063 066 059 066 077 056 110 177 175F