188 185 190 109 058 053 037 092 185 201 200 211 200 093 039 053 154 215 210 208 189 121 060 043 067 092 121 150 170 197 197 213 215 203 204 203 204 205 200 208 200 215 204 181 184 199 203 201 201 209 208 147 087 048 046 118 178 087 062 096 171 185 181 187 175 181 175 175 179 154 178 208 204 196 199 206 190 194 200 156 053 039 039 040 044 054 038 048 138 193 173 186 131 039 084 151 076
185 187 144 055 035 050 072 160 210 207 192 204 216 125 047 032 094 203 215 204 216 191 093 031 037 032 039 050 053 085 116 169 203 206 210 205 210 210 201 210 209 215 209 202 205 206 204 209 206 205 207 160 115 092 068 080 175 099 048 057 126 183 185 178 177 180 176 173 179 156 177 208 202 200 198 202 194 193 199 183 089 034 044 040 042 054 040 040 099 182 179 185 103 039 098 193 105
181 171 084 051 045 044 130 209 198 205 200 205 214 127 051 039 057 188 218 197 217 210 102 047 052 034 063 094 067 038 027 076 139 190 221 205 206 219 210 206 205 208 205 205 209 203 197 203 205 194 212 211 204 206 180 157 184 137 079 058 100 181 186 170 180 179 177 172 179 158 175 206 203 203 197 198 199 194 194 199 138 039 044 037 038 049 044 045 061 157 191 182 090 036 109 206 137
175 124 054 055 047 060 160 212 194 205 207 206 209 124 046 037 036 157 213 201 213 182 067 038 049 032 111 199 177 099 022 036 059 142 210 207 200 215 211 202 205 210 207 206 215 217 213 215 198 193 208 198 188 211 220 207 196 189 165 140 134 179 179 183 182 177 178 172 180 162 172 204 205 204 197 197 204 197 189 201 166 049 036 035 038 043 041 047 045 125 196 171 083 033 122 204 168
155 069 059 046 041 113 174 203 205 201 199 201 215 134 045 030 034 123 205 211 221 162 051 048 054 030 116 217 217 156 059 041 021 087 180 214 205 207 208 208 210 205 203 203 184 150 152 186 210 203 218 221 205 204 205 197 206 200 198 196 181 188 175 189 182 176 180 172 182 165 169 200 207 203 201 198 204 202 189 197 178 076 035 039 047 044 040 046 048 094 183 156 068 039 140 203 191
122 047 060 042 057 155 191 198 206 197 198 203 218 137 046 038 049 108 207 210 210 131 032 045 046 048 140 215 219 191 086 028 030 051 144 212 209 203 208 209 199 200 209 219 192 129 091 098 134 135 157 187 203 208 206 196 203 189 190 194 194 197 178 182 183 174 181 173 183 168 167 198 208 201 207 201 200 205 194 195 194 123 044 039 049 046 044 046 046 063 156 150 048 053 154 204 200
097 054 046 049 080 161 203 188 199 199 211 212 213 124 042 050 038 090 207 207 201 116 029 050 031 065 165 208 203 206 109 031 045 034 117 198 202 201 207 199 207 212 200 195 211 197 126 055 049 074 083 082 113 172 208 206 190 197 209 194 188 196 183 178 183 173 182 174 184 169 165 196 208 200 212 203 197 207 199 196 210 161 051 033 043 044 045 045 038 041 134 152 036 067 159 202 198
067 044 046 043 090 191 193 194 196 204 206 203 212 108 036 046 024 109 190 216 198 069 027 050 035 073 187 211 213 208 107 039 054 057 071 199 207 205 204 209 205 202 210 201 199 225 180 061 059 066 042 088 156 170 212 187 137 117 146 186 175 186 184 174 178 170 183 186 184 184 157 199 206 204 202 202 202 201 196 193 197 193 085 029 042 040 040 054 043 053 085 116 045 078 198 202 198
058 044 043 045 111 196 191 195 195 203 197 203 201 090 033 043 029 106 192 215 179 060 034 050 038 090 196 207 209 210 109 040 052 053 061 182 207 203 200 206 204 201 207 200 200 219 167 056 062 063 061 143 206 198 218 199 152 118 071 062 096 143 170 194 184 180 182 176 181 189 157 194 207 205 203 203 203 201 197 194 197 208 127 034 048 043 044 052 043 045 048 069 038 092 196 200 202
047 044 039 049 142 201 187 195 199 207 192 210 189 071 036 045 035 103 196 215 152 050 044 049 042 116 209 202 204 214 113 043 056 053 051 164 211 203 198 207 203 200 205 200 205 210 146 050 063 045 058 167 216 197 204 203 205 181 075 046 122 158 172 189 192 154 109 074 075 097 111 202 208 206 205 205 204 202 199 196 188 212 170 047 044 041 044 044 047 048 033 041 043 118 202 204 204
042 046 036 060 170 202 184 196 198 207 189 215 170 054 041 046 039 107 205 213 126 045 055 047 046 141 218 199 204 217 113 048 065 058 048 154 218 208 200 209 203 200 204 202 212 200 122 049 075 047 072 183 214 200 202 212 209 198 080 096 199 204 206 188 141 080 042 047 064 060 058 162 208 208 207 207 206 204 201 199 187 204 196 086 035 039 044 043 047 055 050 048 054 140 209 205 203
042 048 035 079 188 198 183 196 193 201 188 211 142 042 043 044 044 122 214 205 106 046 064 043 057 163 221 198 207 215 105 053 068 059 047 153 218 208 200 208 203 203 205 203 217 187 098 052 067 050 102 200 213 208 203 204 211 175 053 119 210 198 216 172 089 043 055 123 168 144 090 146 207 207 208 208 207 205 204 203 202 198 207 145 041 043 047 050 046 050 061 052 055 153 211 199 202
045 047 037 105 194 191 186 194 196 200 196 205 115 042 050 046 055 148 222 186 087 049 068 041 080 183 218 199 211 204 088 055 063 054 047 160 212 206 198 203 204 206 206 202 217 170 073 054 052 047 128 203 203 208 205 197 227 155 058 157 208 187 189 121 055 061 120 179 204 195 147 174 204 206 208 209 207 206 205 206 214 196 207 190 066 044 044 050 052 044 057 045 060 171 214 199 202
046 043 039 132 194 186 190 191 199 199 203 191 085 043 052 046 069 178 225 160 068 051 067 041 109 200 214 200 213 187 066 053 059 051 053 176 208 208 203 205 203 208 206 199 213 152 049 053 057 057 160 214 204 211 218 208 206 113 072 190 214 204 156 074 025 083 177 204 189 197 167 170 202 205 208 208 207 206 207 208 211 197 204 206 105 046 044 048 055 049 055 040 079 191 211 207 202
046 039 041 149 193 183 194 189 196 191 201 173 059 037 045 039 080 197 226 142 056 050 066 042 130 211 211 200 213 175 050 050 059 053 061 191 209 214 210 210 203 208 205 196 208 139 034 050 051 054 173 221 205 205 212 202 208 098 086 193 199 207 121 039 049 103 192 203 181 212 188 169 200 204 207 208 207 206 208 209 206 203 206 209 141 052 050 051 047 055 058 040 096 200 202 212 201
055 035 058 166 196 194 190 191 196 197 205 138 044 036 054 035 109 214 218 115 037 055 057 041 163 210 204 201 208 145 035 045 050 044 086 203 213 211 207 205 203 211 205 202 205 102 032 052 039 081 198 210 202 208 199 202 202 067 119 208 212 188 077 040 043 133 191 202 198 195 191 171 201 205 202 204 211 207 203 209 202 210 205 206 192 083 031 055 053 047 057 050 120 209 204 211 205
042 032 066 172 192 192 186 199 193 197 206 123 043 051 051 037 142 219 201 098 044 067 056 057 182 211 205 198 207 115 034 045 049 042 103 202 209 210 208 207 209 212 203 207 190 081 030 045 034 095 204 210 204 210 204 210 181 060 137 208 207 178 062 041 047 098 196 206 197 209 179 180 200 205 203 204 210 207 203 209 208 210 200 203 204 118 040 046 052 050 056 052 135 211 203 209 208
040 035 061 170 191 193 185 200 198 202 189 088 035 055 050 068 184 223 177 075 054 080 053 082 202 207 201 199 201 076 033 047 046 044 135 206 206 209 208 208 212 210 200 215 167 053 033 039 032 122 212 208 206 210 208 216 153 058 169 211 205 171 047 046 050 064 158 203 206 208 180 184 198 205 204 204 210 207 203 209 209 211 201 201 214 159 053 039 053 053 054 056 159 213 202 208 209
048 046 046 163 198 195 192 191 202 206 154 060 038 043 050 118 208 220 153 058 061 080 046 111 211 202 197 206 187 050 035 051 037 053 170 213 206 208 207 207 210 206 199 222 144 033 041 037 038 154 217 206 206 208 210 214 125 069 199 213 207 173 044 050 050 053 084 170 210 198 198 178 195 205 205 204 209 207 204 208 204 212 206 202 216 189 074 039 054 057 051 064 181 213 204 209 208
041 053 041 163 209 190 198 187 203 199 112 050 052 032 065 169 209 212 132 051 063 069 045 139 214 201 198 213 161 041 038 051 028 072 194 215 206 207 206 206 207 204 204 221 120 024 047 035 052 179 214 204 205 207 213 205 097 090 213 208 208 180 054 047 052 051 039 103 180 207 211 171 193 205 207 204 208 207 204 208 204 210 205 201 213 208 106 043 055 059 048 080 197 211 206 210 208
034 049 048 154 211 185 200 195 205 168 072 042 053 047 112 211 203 202 109 046 061 055 055 163 215 201 204 204 122 040 042 047 037 107 204 208 205 207 207 205 206 205 211 208 095 024 046 031 075 197 205 203 206 208 216 188 070 119 212 199 205 189 076 041 054 046 043 045 118 211 209 171 190 205 208 204 207 207 205 207 210 207 200 199 209 217 148 054 052 058 048 102 206 208 209 210 209
058 040 045 120 200 192 197 207 185 107 045 040 051 096 176 220 201 196 086 040 058 047 075 183 212 195 209 174 080 036 048 041 072 156 208 197 202 206 207 202 203 205 214 187 071 028 043 029 105 212 199 205 207 206 216 167 055 155 211 196 207 202 107 041 053 045 053 036 063 164 208 178 188 205 209 204 206 207 205 207 211 206 202 205 203 212 189 077 046 054 049 126 210 206 211 207 210
096 034 034 081 186 204 195 212 148 049 036 052 060 146 217 202 205 194 070 035 056 045 090 194 206 186 208 146 051 030 052 039 106 196 211 191 200 205 206 199 199 202 213 171 057 032 041 030 128 223 197 209 207 204 213 150 051 183 213 200 212 214 131 046 050 050 046 057 039 101 212 184 187 205 210 204 206 207 205 207 206 207 210 213 196 200 215 099 042 051 050 142 212 205 211 204 209
161 083 034 038 109 174 196 156 072 046 026 063 143 201 211 203 215 155 056 043 053 025 112 204 197 192 199 096 025 050 044 052 166 190 206 202 198 202 202 195 202 203 225 150 040 046 037 031 162 208 207 208 211 204 222 100 074 203 210 209 199 203 203 065 041 060 039 050 053 045 153 203 187 205 210 206 208 208 204 206 205 206 208 212 203 213 211 155 065 052 063 145 211 211 206 203 210
203 164 125 072 048 050 074 068 016 041 094 157 199 211 204 195 204 130 054 054 055 047 142 201 187 200 152 056 040 038 029 108 184 193 196 191 192 199 202 198 203 200 213 126 034 049 038 057 177 215 207 202 211 207 215 075 096 217 201 203 208 207 213 132 044 051 054 062 054 048 121 198 181 200 206 203 206 207 204 206 203 203 204 209 201 212 223 184 068 029 059 167 215 204 210 211 200
202 204 208 174 132 099 089 073 109 132 177 204 202 206 208 193 183 101 043 041 030 052 168 206 192 186 098 028 042 034 056 169 198 193 187 187 191 195 197 196 201 197 199 097 033 053 033 088 201 215 204 199 205 207 192 058 129 228 205 202 213 211 209 188 088 054 055 068 061 049 082 190 183 201 208 205 208 209 207 209 213 211 209 213 200 201 215 193 134 078 106 195 210 192 204 203 201
194 196 203 204 205 201 191 174 195 198 211 205 192 202 179 117 086 049 037 051 046 062 151 169 161 116 048 028 036 059 129 193 198 189 186 192 196 193 190 191 198 197 186 074 038 054 027 112 218 206 201 201 197 213 156 061 162 217 212 183 181 209 198 211 163 087 042 061 068 051 061 174 186 204 210 206 209 210 207 209 202 203 204 216 209 204 216 206 198 163 166 195 194 184 192 193 205
199 204 201 200 202 208 207 209 204 198 206 205 202 213 178 102 069 065 055 052 050 035 066 069 074 040 022 048 070 119 186 188 194 187 188 195 196 188 187 193 194 198 171 057 043 052 032 139 220 198 201 202 196 229 124 070 194 198 214 144 129 208 199 216 208 139 054 052 066 053 062 150 183 201 207 204 207 207 204 206 211 209 202 210 205 193 201 195 193 200 190 181 192 189 181 196 202
197 212 209 210 207 205 195 201 212 200 202 205 202 208 203 179 166 160 125 096 091 057 049 040 037 050 062 099 147 182 197 184 195 190 188 191 189 186 191 199 192 201 154 044 045 046 049 169 212 198 205 200 202 220 101 088 217 197 220 117 109 214 203 204 205 185 106 053 057 056 065 133 184 202 208 204 207 208 205 207 214 210 192 193 190 180 187 186 183 206 202 192 212 198 170 191 200
199 207 190 192 199 209 203 216 200 199 205 209 203 194 195 200 205 202 195 188 188 160 146 122 105 125 142 161 193 201 186 191 196 192 189 188 188 190 193 196 190 204 142 042 048 040 066 187 208 200 206 203 206 156 077 129 220 208 206 090 117 216 206 196 198 204 166 065 052 054 051 137 186 204 208 203 204 202 198 199 183 190 178 184 194 195 208 211 204 211 213 208 218 205 171 177 195
197 214 204 207 207 209 194 208 203 210 207 202 204 200 196 202 204 189 196 195 189 185 203 184 190 178 196 196 187 183 179 198 193 192 190 190 194 196 193 186 187 207 138 046 053 035 075 192 209 200 203 208 207 085 056 171 211 212 175 055 118 208 211 206 205 206 201 077 053 050 032 150 184 201 203 195 193 189 183 183 186 202 194 199 207 204 209 209 216 204 210 203 202 208 186 171 184
206 191 215 209 196 207 202 200 207 207 204 201 203 206 201 192 194 194 192 188 187 190 192 191 188 186 185 185 187 188 188 187 186 185 185 185 186 188 190 191 189 211 171 059 046 052 046 158 214 219 205 210 128 037 110 204 202 217 150 038 104 204 206 194 201 203 211 120 043 032 058 165 191 182 176 179 185 189 193 198 208 208 208 209 208 208 207 207 210 202 211 209 196 208 202 159 189
209 209 209 195 207 208 201 209 206 209 210 209 207 205 201 198 195 195 192 188 188 190 192 191 188 187 186 186 188 189 189 188 187 187 186 186 187 188 190 191 189 197 200 111 038 042 053 085 147 197 176 109 052 071 164 212 208 215 133 030 080 180 207 199 196 207 223 141 047 032 075 162 171 177 190 205 212 210 205 203 205 204 201 200 201 204 208 210 209 200 208 208 200 211 202 161 154
208 202 202 201 212 196 203 205 203 202 204 205 202 196 195 199 195 196 193 189 188 191 192 191 189 188 187 187 189 190 190 189 189 189 188 188 188 189 189 190 196 186 206 171 082 044 042 028 060 069 047 025 076 174 218 203 192 191 102 037 071 162 212 203 205 196 191 143 088 101 157 200 206 204 203 203 201 200 202 206 202 202 203 204 204 205 205 205 208 200 205 207 203 213 204 168 102
207 191 207 224 219 195 214 197 213 206 202 204 204 199 197 200 195 196 194 190 189 191 192 190 190 189 188 188 190 191 191 190 191 191 190 190 189 189 189 189 190 195 192 194 159 099 068 053 047 034 058 092 153 205 200 198 212 180 069 032 049 120 184 179 179 183 180 183 182 194 216 206 202 205 209 212 211 207 203 201 198 198 199 199 199 199 199 199 206 201 205 206 205 212 206 182 148
116 137 148 156 192 206 215 203 206 198 195 201 207 204 199 196 194 195 194 190 189 191 191 190 191 189 188 189 190 191 191 190 191 191 191 190 190 189 188 188 181 200 187 191 197 173 154 133 129 130 170 185 198 208 186 196 212 157 047 039 059 112 182 188 181 208 202 208 216 210 213 204 202 202 203 205 207 206 200 194 202 199 196 193 192 194 197 200 203 203 206 205 204 208 207 197 159
079 141 123 086 154 217 202 208 195 198 200 201 204 208 207 204 192 193 192 190 189 191 191 189 191 189 188 188 190 191 191 190 190 190 191 191 190 189 188 187 196 183 186 199 190 195 210 192 194 190 201 193 198 210 188 180 175 147 097 127 156 175 210 208 214 226 204 195 205 202 205 213 216 212 205 200 201 203 200 196 194 196 200 203 204 203 200 198 199 203 205 204 204 204 205 206 156
177 214 199 127 130 214 201 205 205 215 208 180 160 163 178 186 189 191 191 189 189 191 191 189 190 189 188 188 189 190 190 190 188 189 190 190 190 189 188 187 203 175 188 200 185 189 202 198 190 195 197 184 173 173 175 180 183 188 185 207 226 208 207 198 210 204 205 209 217 215 203 202 192 198 203 203 196 182 163 147 127 137 153 171 185 193 197 198 194 200 201 202 206 203 200 206 187
205 190 223 165 085 185 212 206 200 208 182 119 069 068 094 115 187 190 190 188 188 190 190 188 190 188 187 187 189 190 190 189 187 188 189 190 190 189 188 187 184 190 198 184 191 203 182 179 175 182 174 174 179 188 201 197 203 213 211 197 207 194 206 217 216 196 214 213 199 204 205 213 205 198 179 149 116 088 065 050 040 050 069 096 129 161 188 203 191 197 197 200 208 203 197 202 198
218 180 225 130 059 186 210 204 203 208 138 030 083 157 145 073 139 197 199 184 189 191 193 189 186 193 187 181 187 189 185 185 183 187 187 186 190 194 189 179 192 188 186 186 182 174 168 168 174 180 190 201 209 211 209 206 204 215 208 213 207 201 209 196 197 210 212 213 223 222 202 186 136 104 068 045 041 038 035 045 055 048 055 049 049 076 121 180 203 202 188 196 206 204 209 200 198
194 208 223 111 072 190 204 201 211 185 075 114 180 198 210 154 116 182 196 188 191 188 188 184 190 193 189 187 190 186 183 192 196 192 188 186 186 186 188 190 182 180 180 182 182 179 179 182 209 211 212 209 204 203 207 211 204 202 201 202 197 206 212 224 215 215 206 185 159 127 090 061 050 055 112 129 133 107 070 042 051 055 047 043 064 053 053 121 170 203 196 196 210 204 201 200 210
213 228 178 080 107 208 204 198 207 164 046 170 212 193 204 166 074 159 193 193 195 190 190 188 185 189 184 184 195 197 190 188 181 178 185 196 193 177 170 175 158 163 173 184 193 200 208 215 198 205 213 215 212 207 204 204 203 210 213 203 200 225 196 189 179 144 105 071 044 039 045 046 042 078 193 201 197 190 146 079 044 052 052 046 060 054 038 067 111 185 203 198 207 202 200 202 209
144 145 097 082 157 217 207 205 211 157 076 184 207 189 186 166 040 143 191 191 190 187 190 186 182 189 184 183 197 194 160 129 088 092 121 164 182 172 168 179 199 202 206 208 206 204 204 206 207 203 200 200 203 208 210 210 216 213 201 207 211 208 145 115 091 056 044 051 048 042 040 035 033 054 173 190 179 209 195 150 078 040 053 059 046 061 067 056 062 136 184 202 202 198 207 204 203
097 108 119 163 208 205 199 203 210 150 076 157 210 203 207 165 039 146 193 186 182 181 185 180 188 191 187 188 189 160 109 074 102 100 123 166 191 192 197 212 201 203 205 204 203 203 204 205 209 212 217 220 218 211 201 194 159 132 112 179 221 192 150 150 177 111 054 038 038 039 045 054 041 025 125 200 186 202 195 200 152 064 043 055 049 053 060 064 058 074 131 200 206 195 211 205 204
180 177 191 214 217 195 201 201 216 184 078 114 183 186 200 107 079 164 194 186 186 185 189 187 188 180 176 182 176 143 119 123 197 187 190 207 215 210 208 214 206 207 206 204 205 208 209 209 207 210 209 195 168 137 112 098 072 056 049 134 216 207 203 217 225 169 091 048 047 044 036 040 047 026 092 192 188 188 172 186 197 136 064 033 057 059 039 063 076 042 076 173 207 198 208 204 204
221 205 199 191 200 198 209 209 193 196 116 092 110 114 114 065 140 186 188 185 191 181 181 185 175 174 171 175 178 170 176 199 199 198 201 205 207 204 200 197 202 206 209 212 215 216 211 203 180 160 128 097 074 063 058 057 073 063 059 099 196 213 208 207 209 191 110 040 041 049 040 043 041 035 067 162 193 194 190 192 200 190 121 046 053 066 046 061 069 058 055 117 185 202 206 204 205
196 200 207 192 209 202 196 201 200 207 203 156 109 102 084 157 187 200 179 177 185 163 155 163 164 182 187 183 192 203 206 210 197 204 207 204 204 208 209 204 208 210 207 197 181 158 128 105 068 056 051 067 099 127 138 137 098 065 057 073 184 213 201 204 206 220 139 044 039 051 037 036 048 035 044 140 196 176 178 183 198 194 165 090 046 053 057 064 043 089 062 069 155 206 208 205 212
198 198 199 202 203 203 201 199 198 199 201 202 200 194 187 181 184 177 172 172 166 162 171 185 189 195 195 197 205 201 192 191 211 206 196 209 207 209 201 218 200 173 148 111 085 067 051 063 080 124 139 183 194 205 212 199 169 109 056 048 164 206 204 208 205 207 187 067 029 045 036 046 039 050 025 104 202 192 169 194 190 180 199 142 052 048 068 058 059 057 073 067 085 181 210 209 207
198 196 193 193 195 198 201 202 205 202 197 192 187 182 177 173 162 164 175 187 188 182 183 190 191 194 195 195 195 197 201 206 194 206 200 222 211 188 169 121 088 074 066 049 053 069 066 068 146 204 209 219 210 207 210 206 212 176 124 045 119 208 210 211 206 207 196 093 034 044 039 045 037 048 036 071 180 193 180 181 177 184 199 169 088 047 057 056 062 062 066 063 075 143 199 215 207
196 197 199 201 201 200 198 196 197 192 184 178 175 174 175 175 188 184 184 188 188 187 194 204 192 188 194 198 195 200 208 206 213 217 190 191 136 065 080 044 052 052 061 049 053 071 059 045 129 213 224 214 207 204 205 209 206 208 187 067 074 195 212 200 207 206 208 132 043 040 043 043 044 045 044 042 154 195 191 177 176 188 189 188 139 068 052 057 064 064 064 065 070 099 175 218 207
198 199 201 200 196 190 185 182 182 179 176 176 179 184 188 190 194 193 193 195 192 186 183 184 185 182 195 208 206 203 193 174 160 132 085 101 120 096 123 096 060 055 071 067 060 068 057 046 080 183 215 205 211 215 212 212 196 210 219 130 063 163 223 201 206 203 213 167 057 036 045 041 051 039 040 033 121 191 191 181 189 186 178 187 179 113 058 062 066 061 071 073 075 074 142 212 208
188 186 182 177 173 173 176 179 182 183 185 188 193 196 198 198 191 188 187 188 189 190 191 193 204 195 187 176 155 129 101 078 050 051 038 060 159 212 213 187 097 055 055 061 053 055 054 059 063 165 218 208 208 211 210 203 211 204 209 180 063 104 213 200 205 200 209 188 080 035 044 040 044 040 034 033 080 180 188 182 193 181 182 182 199 157 067 059 069 056 077 073 079 070 109 195 210
161 165 170 174 177 182 189 194 194 194 195 196 197 195 191 189 196 195 194 195 197 197 194 191 167 152 112 075 058 044 036 044 040 052 053 044 139 220 207 213 155 072 049 063 059 054 049 052 046 130 208 208 198 204 215 198 212 204 197 208 102 092 198 198 203 200 200 199 113 041 043 041 036 048 038 037 047 158 190 181 186 178 196 185 202 182 081 051 068 059 075 068 077 071 084 168 210
163 173 186 195 200 201 203 205 201 199 196 194 193 191 189 187 182 186 190 187 177 155 126 104 068 066 032 023 062 088 103 136 126 101 066 022 094 203 196 212 178 077 045 061 063 062 058 057 044 095 191 215 204 214 224 183 181 213 210 221 181 159 203 210 201 201 192 203 149 051 042 042 039 049 044 042 035 120 189 186 186 180 197 188 200 194 107 051 059 070 068 068 078 071 071 135 205
199 204 209 209 205 202 201 203 203 199 194 192 193 196 198 200 190 171 140 106 081 063 048 036 037 054 042 069 151 185 181 204 197 201 163 059 059 175 195 211 204 096 054 057 051 056 060 063 054 075 175 215 203 207 201 128 131 206 207 198 220 210 195 206 200 203 188 204 173 060 042 043 044 039 041 044 034 081 181 190 194 183 188 186 198 201 134 056 048 080 064 073 082 070 066 110 199
201 210 213 203 206 206 195 203 189 209 200 185 207 169 132 133 098 060 050 040 043 043 041 052 053 054 055 054 154 206 196 200 194 194 209 139 041 143 210 201 212 139 057 053 066 053 062 055 057 045 135 215 205 208 227 103 088 196 208 208 204 204 205 197 196 204 189 190 195 095 033 047 054 044 043 051 044 052 153 200 182 189 194 194 189 202 172 070 055 065 060 073 072 078 069 081 174
211 207 205 207 205 206 210 206 220 181 203 163 096 083 069 039 029 048 072 093 059 051 047 060 046 045 049 050 114 201 186 196 199 197 211 175 063 102 193 201 204 163 064 058 062 052 061 054 059 041 095 209 210 206 217 128 067 179 207 198 207 204 196 203 196 200 191 193 200 123 049 050 053 042 047 050 044 047 131 198 186 190 193 196 192 205 182 094 050 061 058 067 067 074 067 074 165
203 209 209 219 207 193 186 148 109 083 163 137 033 043 050 041 097 140 157 176 089 046 039 047 046 043 049 052 072 192 190 197 196 193 202 206 100 065 170 197 196 189 083 058 059 052 058 053 056 044 053 184 212 205 212 154 044 145 206 193 206 203 189 207 197 195 192 193 198 154 062 041 052 040 052 048 043 041 097 193 192 192 191 196 195 206 194 126 046 055 056 062 061 070 066 065 144
215 221 181 155 129 102 090 050 060 098 172 154 061 043 059 122 175 198 195 207 121 045 044 048 047 044 047 048 050 165 204 198 190 193 193 210 148 083 162 196 193 199 117 049 059 053 055 052 050 052 034 141 209 203 217 169 037 103 203 202 198 201 194 203 196 189 191 191 194 182 083 035 051 039 055 044 043 037 067 183 199 196 191 197 197 204 200 154 049 051 054 057 057 066 065 057 126
212 198 115 066 055 031 033 045 143 194 204 182 092 030 079 186 186 185 186 201 159 053 047 047 043 040 038 037 043 118 207 192 192 201 193 197 194 143 171 198 197 193 158 045 060 054 053 052 048 050 030 099 203 196 221 174 045 064 190 217 191 199 205 194 194 186 191 191 191 200 116 042 050 040 053 041 042 037 048 161 203 204 197 200 198 201 203 174 058 047 049 052 053 059 063 049 116
204 190 139 119 127 082 043 069 188 215 196 200 112 033 122 207 195 185 190 198 189 070 037 038 041 040 034 034 047 075 191 193 193 201 191 182 209 187 179 194 198 185 189 065 057 054 052 050 048 042 031 069 185 193 215 164 052 039 158 220 191 197 207 190 197 191 193 192 186 197 144 050 047 043 048 041 042 040 039 126 200 210 203 204 201 201 206 187 072 043 043 047 050 051 059 044 105
217 214 217 214 219 158 055 037 177 208 191 214 146 053 141 194 188 188 185 188 198 105 036 042 040 040 035 041 047 049 157 200 191 193 188 184 199 191 185 192 194 187 205 105 050 051 054 046 047 045 037 047 149 202 205 133 047 030 117 206 201 197 197 193 195 194 194 193 184 190 174 068 043 045 042 043 043 043 035 086 188 209 206 205 203 203 209 194 089 042 038 046 050 046 056 042 099
201 197 217 202 211 187 079 033 148 208 189 205 166 063 131 187 188 200 187 189 204 137 033 035 035 036 033 045 039 034 124 203 192 188 190 198 190 182 194 199 189 194 209 139 044 049 055 044 043 056 046 033 116 215 197 100 038 030 087 190 211 197 185 198 187 192 192 196 189 194 206 096 039 046 039 046 044 044 034 059 177 205 206 203 203 204 210 196 101 043 037 047 053 044 057 044 103
206 201 207 211 209 215 122 025 104 195 209 185 201 088 086 189 194 182 200 188 198 181 048 034 047 031 045 040 048 034 096 194 202 185 191 192 182 193 202 187 189 188 200 173 057 046 048 043 045 053 048 035 077 138 112 052 044 060 053 152 213 197 191 194 195 182 192 197 197 194 196 132 040 053 037 038 044 034 039 039 133 208 201 203 219 192 205 210 134 037 037 048 042 048 056 042 110
205 206 209 208 208 217 147 037 082 185 206 196 204 107 069 174 194 186 199 191 197 190 079 035 046 029 047 042 048 039 066 166 206 192 193 194 186 192 198 185 191 188 200 185 083 048 052 049 042 045 048 042 047 055 050 019 035 039 037 132 206 202 200 193 199 196 197 191 193 196 207 166 060 048 044 043 047 039 041 041 108 204 200 208 210 202 203 214 149 050 047 052 047 051 054 039 116
202 209 208 203 206 218 183 064 047 155 200 201 206 147 086 183 191 187 193 191 189 196 122 036 044 033 047 043 045 044 036 130 206 197 192 195 191 191 194 184 190 185 193 195 117 047 051 050 043 043 047 046 040 035 092 096 078 047 021 097 196 207 202 194 192 200 197 187 192 193 202 187 085 036 045 042 043 040 038 037 072 191 203 210 200 210 201 217 166 061 050 049 047 055 052 040 128
200 208 204 203 208 215 212 102 029 117 202 198 204 185 140 203 191 192 190 192 184 201 164 047 036 045 043 041 040 046 028 099 196 201 192 193 194 190 193 188 191 183 186 200 149 053 049 051 045 051 046 041 050 071 181 199 161 109 034 056 181 210 195 196 191 195 189 187 194 189 189 194 115 031 045 041 039 041 038 035 046 167 210 207 199 208 201 213 182 067 047 042 049 059 051 046 144
205 210 204 208 212 211 222 143 035 083 203 196 199 200 185 199 196 199 192 195 187 204 195 075 023 053 039 042 040 044 037 071 178 206 196 193 197 190 194 191 196 187 185 199 174 074 049 052 045 055 047 037 047 068 182 210 207 182 085 034 148 210 195 199 201 192 189 194 195 193 190 199 149 046 045 045 039 046 044 039 037 133 215 204 207 203 206 209 189 069 048 045 055 060 046 056 164
207 214 209 213 213 210 215 179 051 052 180 198 201 200 205 187 196 199 192 192 188 197 202 110 021 049 040 046 045 043 047 048 150 208 204 195 199 191 196 193 195 190 188 191 189 105 049 051 045 052 047 043 045 047 143 209 200 216 151 053 106 199 204 200 197 187 199 199 178 193 197 191 175 071 041 046 034 046 045 040 039 094 205 208 213 202 211 208 180 061 050 050 056 051 041 078 184
197 212 212 210 209 213 205 206 077 036 133 201 206 200 205 193 195 198 193 191 194 191 200 147 043 039 046 047 049 043 049 039 111 200 207 196 202 193 198 194 192 192 194 185 199 140 052 050 048 052 050 050 050 043 113 217 199 207 199 105 074 173 211 198 193 189 205 173 118 170 205 186 196 101 037 047 030 043 046 039 040 056 177 216 208 206 210 209 162 050 050 053 052 044 056 132 201
184 207 212 205 204 216 198 221 105 038 097 204 209 199 198 207 200 203 200 196 205 194 203 178 070 033 052 046 050 045 049 040 080 189 206 195 202 195 201 196 192 197 202 185 208 167 058 053 050 056 054 051 049 037 078 190 220 189 218 152 060 149 210 196 208 201 204 131 048 140 216 197 213 127 040 053 032 047 051 043 038 031 151 221 199 210 206 210 151 044 051 054 050 046 081 189 210
092 174 224 213 201 205 212 219 158 037 056 185 213 205 196 204 201 201 200 199 198 197 196 196 098 024 052 049 045 055 050 045 057 157 208 195 208 197 200 201 202 194 199 194 194 193 094 034 056 045 055 046 048 052 043 169 213 191 213 202 078 123 212 200 204 191 216 110 047 135 216 196 216 159 061 035 053 044 039 048 039 035 107 223 200 199 218 216 110 043 041 065 047 073 158 213 205
086 095 158 218 218 204 208 209 183 062 041 152 211 208 201 203 202 202 201 200 200 200 200 200 124 037 050 053 048 057 057 051 047 132 204 202 205 201 204 203 202 198 198 197 196 198 117 042 052 048 051 045 049 049 040 136 209 212 205 206 156 176 204 208 196 203 210 120 026 108 208 204 209 195 091 038 057 042 042 039 054 039 071 199 219 218 208 160 066 057 057 047 058 139 210 209 206
081 066 089 162 218 218 205 210 207 103 037 115 210 210 205 203 204 204 203 202 202 203 205 206 157 054 043 052 049 055 059 053 039 098 196 213 201 204 205 202 199 202 195 199 196 202 150 054 044 053 046 046 053 046 038 091 204 217 200 215 210 213 204 209 198 212 204 136 020 082 192 209 201 214 119 039 060 046 051 044 046 042 047 166 209 196 159 086 042 041 049 074 130 202 227 202 208
078 082 070 090 164 217 217 205 207 138 043 080 199 212 209 206 206 205 204 204 204 205 206 207 187 079 039 052 051 052 058 053 041 070 182 220 199 205 204 197 196 203 191 199 194 201 177 071 035 054 045 048 055 045 042 057 188 204 205 218 203 209 210 204 202 208 204 137 038 076 185 216 213 218 156 048 052 050 047 043 038 052 048 106 122 100 068 030 048 047 081 154 211 217 205 207 209
076 081 081 069 090 167 216 202 205 166 055 044 168 212 212 207 207 207 206 205 205 205 206 206 205 113 044 052 057 053 057 055 047 054 154 217 202 206 205 196 197 205 191 197 193 197 194 098 032 048 044 047 054 043 045 040 148 202 213 207 197 202 205 208 204 208 211 106 045 076 182 223 206 204 196 069 043 064 055 050 042 052 043 041 040 041 036 054 090 125 170 211 226 209 201 218 210
079 082 081 068 062 097 162 210 217 201 088 023 124 206 208 203 207 207 207 207 206 206 206 205 210 148 053 048 060 052 054 058 055 048 115 203 208 207 208 200 200 205 196 196 196 195 199 134 041 040 043 044 048 041 045 036 098 206 216 195 217 213 196 217 212 219 199 064 033 060 164 220 212 213 216 088 037 061 050 041 038 044 050 053 079 113 126 162 171 202 216 210 210 213 212 213 209
083 088 078 071 070 062 094 160 204 219 131 024 081 195 202 204 205 206 208 209 209 209 208 207 209 180 065 044 062 053 053 065 064 051 077 183 214 204 208 202 203 203 201 195 199 192 197 168 062 037 045 040 044 042 043 038 064 182 215 199 218 216 204 215 216 211 143 042 037 043 135 219 222 210 165 078 041 046 051 050 077 094 116 141 176 199 210 227 219 217 208 200 204 215 214 204 208
083 074 084 090 073 062 065 065 163 210 157 031 054 185 200 215 203 205 208 211 212 211 210 209 212 204 077 044 066 057 056 074 071 057 055 170 217 200 205 201 203 200 203 192 201 190 192 188 081 037 048 039 044 044 041 042 053 146 214 212 194 203 221 204 209 184 077 041 056 040 119 229 171 144 056 042 061 066 108 131 156 183 199 218 221 202 206 203 203 204 210 208 201 205 211 208 207
073 076 081 077 067 067 064 049 082 141 206 069 025 144 215 204 206 210 211 209 210 215 213 207 205 218 110 045 058 058 055 064 070 066 040 128 218 208 207 204 207 197 199 203 196 193 198 199 121 023 051 043 035 057 047 041 030 131 214 189 202 211 203 224 182 099 050 060 054 042 105 204 128 062 088 137 152 180 202 205 209 204 202 203 203 202 202 203 206 202 207 201 207 204 219 204 205
085 073 073 079 077 073 068 058 047 083 149 095 030 120 200 211 205 208 209 207 209 212 211 206 212 216 146 052 057 057 058 060 067 070 044 094 203 205 200 205 205 196 198 202 196 195 198 196 163 053 042 042 035 042 039 051 034 092 190 208 212 210 191 175 100 063 046 053 043 042 107 195 190 159 189 215 206 209 210 205 209 204 200 199 199 198 199 201 204 190 195 200 206 192 202 201 204
063 064 073 074 064 063 067 063 045 046 081 093 020 083 184 215 205 207 207 206 207 210 209 205 216 210 190 069 051 060 063 059 063 074 052 056 174 203 196 205 203 196 197 199 194 194 196 191 172 078 037 054 056 050 037 047 033 054 156 188 146 112 090 059 053 050 064 099 131 156 184 210 214 209 224 223 208 205 199 195 198 193 190 192 194 195 197 201 193 185 194 203 208 194 196 201 202
081 061 058 066 062 057 061 063 060 047 045 064 019 058 169 211 207 207 206 206 207 208 207 205 214 204 217 097 040 068 066 065 062 073 061 043 135 204 200 204 202 197 199 197 190 193 196 189 197 116 033 037 045 048 043 048 049 032 077 085 044 041 065 070 107 140 176 195 203 210 217 220 208 208 202 193 194 197 194 196 200 196 193 191 189 184 180 179 186 190 195 186 187 189 190 200 200
169 094 046 055 067 062 058 058 053 052 044 048 046 046 143 206 210 208 206 207 208 208 208 207 210 202 222 134 037 071 063 070 063 067 068 054 098 200 210 202 199 199 202 197 190 196 201 194 208 135 043 042 052 053 048 052 045 037 049 069 090 130 161 179 191 209 221 214 204 202 203 200 203 206 194 192 202 198 194 198 187 185 187 191 191 187 183 181 180 182 177 159 155 162 163 189 199
218 162 097 054 040 050 056 046 045 053 054 044 063 035 098 201 213 209 207 209 210 208 208 209 210 205 218 171 055 065 060 069 066 064 072 068 072 180 215 204 199 201 204 199 194 202 204 191 195 123 053 050 053 042 040 055 082 116 139 167 192 210 205 209 212 203 192 188 197 206 205 197 196 200 190 193 196 185 187 193 182 180 181 183 183 179 175 174 160 158 161 163 162 155 137 174 198
208 209 175 098 040 040 052 042 047 052 057 042 057 040 056 177 214 208 206 209 210 207 207 210 210 204 214 197 090 054 064 066 069 065 071 069 059 149 212 208 203 203 204 199 197 204 196 172 114 062 046 053 076 099 131 166 173 200 206 210 195 196 194 199 195 203 208 200 188 184 193 204 192 192 182 188 187 180 188 186 189 181 171 163 156 149 146 146 153 156 165 179 186 174 133 161 198
206 215 211 163 092 050 046 049 041 046 054 043 050 061 035 147 214 208 205 209 209 206 206 209 209 201 212 209 121 046 071 066 070 067 070 061 056 124 206 211 208 205 203 198 198 202 184 150 085 080 131 146 168 187 196 202 199 196 192 206 188 199 203 194 201 196 191 191 193 193 187 181 186 183 174 186 188 184 188 168 146 139 132 132 138 146 157 165 171 177 176 176 186 187 138 154 198
206 202 206 217 180 086 031 047 046 054 045 044 067 039 025 097 212 207 204 212 210 207 210 205 212 202 205 217 153 047 082 062 078 076 071 066 070 091 122 145 138 185 211 197 190 203 194 167 155 177 197 202 200 198 196 194 188 192 196 197 195 194 193 192 186 193 195 190 189 190 184 173 168 191 197 179 161 143 128 125 127 137 150 160 166 171 175 178 177 170 181 183 172 183 174 129 189
213 204 195 204 211 173 097 040 048 042 040 041 058 056 041 064 189 215 204 209 210 207 209 207 201 211 200 217 192 066 059 065 058 065 072 075 072 068 066 067 061 134 196 203 193 201 208 203 197 197 195 194 197 201 197 189 194 192 188 185 185 189 193 195 198 189 183 184 189 190 186 183 177 147 119 120 130 126 136 164 163 166 171 173 172 170 169 168 174 168 179 183 177 186 175 130 174
207 209 205 200 211 219 174 104 042 033 048 043 038 055 053 042 153 224 204 206 211 207 208 210 205 214 204 216 193 077 064 080 084 075 063 056 058 072 091 104 124 167 202 203 194 193 193 187 195 190 184 185 193 198 192 181 184 184 185 187 191 194 192 188 186 193 192 180 165 149 128 110 108 141 151 142 151 170 176 174 178 177 175 174 173 171 167 165 173 167 175 179 178 188 178 141 154
199 204 216 211 198 209 211 187 092 043 042 047 040 047 049 047 115 224 207 205 212 207 207 210 206 210 227 221 158 074 072 058 055 062 076 096 121 148 173 188 203 204 201 195 194 197 195 188 190 190 190 191 193 193 190 185 189 188 186 186 192 197 195 189 175 160 124 094 105 133 128 100 085 111 146 178 191 177 164 170 173 169 166 166 169 170 169 167 175 170 173 174 174 184 183 161 140
206 196 207 216 206 206 213 205 187 096 045 039 049 052 044 051 085 207 210 204 212 206 206 209 209 210 194 135 078 057 078 076 102 124 154 182 197 203 205 204 197 200 201 197 191 189 192 197 196 193 191 187 184 181 182 183 184 189 193 193 189 177 154 134 094 102 105 112 135 167 184 182 163 142 122 131 158 166 163 168 173 169 165 165 167 169 167 165 170 172 175 174 173 180 184 178 136
215 205 204 208 206 206 206 200 221 179 116 045 029 053 051 044 062 172 212 203 210 206 206 206 203 218 159 077 087 119 139 178 209 213 215 212 206 201 199 201 196 197 199 197 190 184 181 181 186 183 183 189 193 191 187 185 192 189 176 156 138 124 105 089 154 162 172 167 139 123 150 193 209 214 186 144 136 155 168 171 172 170 168 167 167 167 166 165 163 171 176 176 176 177 180 184 138
209 214 209 201 202 202 202 206 203 218 198 105 040 047 052 049 047 131 210 201 207 205 206 203 194 215 193 156 193 218 197 226 206 206 206 204 202 199 199 198 196 191 185 186 192 196 192 185 185 182 184 190 190 182 174 170 138 133 121 111 121 150 176 189 162 164 173 182 176 155 137 129 173 190 209 214 186 141 135 166 163 165 167 168 167 166 167 167 161 169 172 172 175 173 176 186 140
200 211 205 203 214 210 199 206 204 200 219 183 099 046 040 063 040 103 208 199 204 204 206 201 213 199 208 201 205 215 190 196 203 200 197 197 197 197 194 192 187 190 190 185 183 186 188 188 187 179 167 154 136 118 111 114 119 142 168 183 191 194 185 173 177 175 158 147 171 201 185 143 115 151 184 203 213 195 158 132 160 164 169 170 168 166 166 168 164 169 166 165 170 171 175 188 141
206 211 207 205 209 204 198 203 203 208 208 211 186 107 042 036 029 076 164 214 202 196 206 197 192 209 215 204 199 206 204 193 195 196 194 189 187 190 192 191 184 183 183 186 187 184 178 173 128 112 097 096 108 126 145 158 184 182 190 204 206 195 191 196 185 189 190 179 157 150 173 205 178 136 122 162 209 216 195 177 141 153 163 163 161 163 167 168 169 160 158 166 171 171 174 181 171
192 200 205 209 210 201 201 216 207 205 194 203 215 176 112 082 091 120 175 209 205 203 208 200 213 203 190 186 193 199 194 185 190 192 191 189 187 186 182 176 188 187 186 182 168 144 116 098 108 118 137 155 164 164 164 166 167 185 195 193 195 205 207 200 201 201 202 201 190 175 164 161 196 190 152 113 135 199 225 208 176 156 152 168 175 165 159 165 161 164 169 171 168 167 176 187 177F